1.764052,0.400157
0.978738,2.240893
1.867558,-0.977278
0.950088,-0.151357
-0.103219,0.410599
0.144044,1.454274
0.761038,0.121675
0.443863,0.333674
1.494079,-0.205158
0.313068,-0.854096
-2.552990,0.653619
0.864436,-0.742165
2.269755,-1.454366
0.045759,-0.187184
1.532779,1.469359
0.154947,0.378163
-0.887786,-1.980796
-0.347912,0.156349
1.230291,1.202380
-0.387327,-0.302303
-1.048553,-1.420018
-1.706270,1.950775
-0.509652,-0.438074
-1.252795,0.777490
-1.613898,-0.212740
-0.895467,0.386902
-0.510805,-1.180632
-0.028182,0.428332
0.066517,0.302472
-0.634322,-0.362741
-0.672460,-0.359553
-0.813146,-1.726283
0.177426,-0.401781
-1.630198,0.462782
-0.907298,0.051945
0.729091,0.128983
1.139401,-1.234826
0.402342,-0.684810
-0.870797,-0.578850
-0.311553,0.056165
-1.165150,0.900826
0.465662,-1.536244
1.488252,1.895889
1.178780,-0.179925
-1.070753,1.054452
-0.403177,1.222445
0.208275,0.976639
0.356366,0.706573
0.010500,1.785870
0.126912,0.401989
-10.517457,31.529750
-10.520308,31.251751
-6.507909,30.446742
-7.506197,30.230545
-9.365417,30.364570
-8.740254,30.686203
-8.689650,29.688369
-8.235039,30.719700
-7.036122,29.616863
-7.120807,30.614649
-8.895756,30.486374
-6.831648,29.885465
-7.039109,29.705930
-7.002356,30.007060
-8.847272,30.171792
-8.716523,29.700103
-5.822745,29.511992
-8.146406,30.355482
-11.246099,31.504205
-6.547103,30.074325
-6.199101,29.195781
-7.660444,30.722486
-7.060844,29.296223
-7.954380,29.663172
-9.750887,30.039670
-6.434624,29.283187
-7.020255,30.621231
-9.334123,30.472259
-6.142368,29.811572
-6.800317,28.863536
-9.640030,30.682172
-9.260858,30.560899
-9.307458,30.105074
-6.436593,29.827321
-6.958259,29.329641
-7.351458,29.799577
-7.692767,29.233465
-7.402224,28.727933
-9.113746,29.580929
-6.426302,29.518404
-6.732468,30.340866
-23.196521,-5.836487
-21.384278,-7.031050
-21.340486,-6.273219
-21.696749,-6.167338
-20.622952,-6.435435
-25.444658,-3.606401
-22.237536,-4.923448
-22.151254,-6.959081
-21.638643,-5.472717
-21.264905,-5.149797
-21.386945,-5.045769
-21.354196,-6.089605
-22.338010,-5.461605
-20.560610,-8.223063
-21.453387,-7.473838
-24.535074,-5.832482
-23.724833,-5.385768
-19.970254,-8.032963
-20.101425,-7.737313
-22.470326,-5.801004
-22.131166,-6.148166
-23.041205,-5.615697
-23.450786,-5.925655
-21.198576,-5.554641
-22.754674,-5.166818
-21.010350,-6.772921
-23.241431,-6.315393
-20.863311,-8.861008
-24.924187,-6.084293
-23.594284,-5.160637
-23.753461,-5.110254
-20.825952,-6.702524
-20.312444,-6.598106
-22.337107,-5.172370
-22.608674,-5.951647
-22.142232,-5.635179
-18.037211,-9.097830
-21.631842,-5.491121
-20.469204,-7.160557
-24.047713,-4.842864
-20.322594,-6.881915
-22.823582,-6.162895
-19.202894,-7.390625
-21.801876,-6.264900
-22.619810,-6.353482
-21.560335,-8.085689
-24.020529,-4.332411
-20.826663,-7.252297
-22.834877,-5.487157
-20.751459,-6.670143
-23.211103,-5.027654
-22.607941,-5.526110
-21.660682,-5.702371
-22.973025,-4.784619
-21.159114,-6.769736
-19.514700,-8.293614
-23.581450,-4.955989
-24.507170,-4.189666
-20.818896,-6.561039
-21.870666,-6.249921
-21.718416,-5.292357
29.757755,33.145694
27.717011,32.181687
27.928951,33.539503
31.481559,33.015082
30.192703,34.573566
27.964003,32.818469
28.743091,33.830998
27.109802,32.166882
29.192800,34.349277
29.066143,33.249736
26.831109,31.798095
27.915663,32.583244
30.392791,32.354842
27.962224,32.902609
29.626117,32.826072
29.450516,31.933076
29.269635,33.713231
27.901024,32.485038
28.743778,32.251650
29.725476,32.495025
27.417185,31.585104
28.638243,34.010493
28.063712,32.427745
27.174197,31.782328
31.103210,33.884260
26.607960,34.388946
29.148909,33.025796
27.161427,33.199581
26.300273,32.922924
26.257082,31.726195
30.316293,33.236385
29.853719,32.765560
28.708858,31.818899
28.332252,33.270447
28.219022,32.506582
28.949023,32.768183
28.794478,32.893569
27.922004,32.397938
24.619324,33.764020
28.569045,31.048162
26.961687,33.430508
31.581833,34.122838
30.983209,34.386473
29.679444,33.192839
31.953567,34.618086
30.883838,33.619865
27.696887,32.453556
29.902918,33.524826
28.890287,31.554384
29.809562,34.423220
29.738142,32.058885
28.469551,33.309358
26.254213,31.645562
29.316502,33.155253
28.682728,33.535841
28.957553,34.056525
28.467047,33.825674
30.849560,32.287484
25.421232,32.459136
28.305783,31.058491
28.612989,32.287458
30.909878,32.996277
27.608493,32.652654
25.835725,33.126033
28.626912,31.726224
29.858307,32.577062
30.984133,34.680397
28.488408,30.711742
31.122020,33.605799
31.104210,33.471073
28.280905,34.181951
26.096695,32.920309
30.723573,34.332764
30.673933,32.265605
27.644472,32.779053
27.865033,32.539594
30.802982,35.103737
31.453566,34.660643
26.730707,33.277664
29.291594,34.033547
27.920692,32.584029
30.649424,34.218121
28.108179,32.771279
29.650145,32.770018
28.871736,32.826853
28.165377,32.431356
29.704070,32.237864
28.097318,31.339047
28.938457,32.527810
28.582767,33.105718
28.125977,32.149697
30.946021,34.791471
29.344014,33.511565
32.682745,32.156961
28.188826,32.743525
33.762389,33.669628
31.889102,32.852814
29.133473,32.880275
26.854214,33.464759
28.465766,33.301487
31.108602,32.801143
28.110889,33.166991
27.704572,31.799221
31.903004,34.922591
30.317576,33.477923
29.142563,33.072821
28.325616,33.329009
27.567309,32.217207
27.609048,33.270683
31.001195,34.421958
-36.485980,-2.811766
-35.966776,-2.498431
-36.409333,-3.252411
-34.465857,-4.297285
-36.483624,-3.603887
-35.423886,-3.164813
-37.123427,-2.600815
-40.101096,-2.455962
-37.676644,-3.568543
-36.626515,-3.266299
-35.658598,-3.350857
-36.419131,-2.664249
-37.838032,-3.443250
-37.743829,-2.130976
-35.222704,-3.350306
-34.572203,-3.191691
-37.626067,-2.633295
-34.770223,-4.393900
-37.156496,-2.839260
-36.948537,-3.230068
-39.589595,-1.837353
-39.188376,-2.937493
-39.049651,-2.264417
-36.603220,-2.709968
-35.367286,-3.101959
-39.172081,-2.306715
-38.120744,-2.251909
-34.998787,-3.582100
-37.417661,-3.551350
-37.596780,-2.862116
-36.333992,-3.287262
-35.895869,-2.937656
-36.920398,-3.237130
-36.618669,-2.634799
-37.453603,-2.945926
-37.632755,-2.201790
-35.324806,-3.133165
-37.245483,-2.719365
-37.896267,-2.008395
-33.540519,-3.069371
-39.285225,-1.871014
-39.266849,-2.900749
-35.792145,-3.370256
-36.805367,-3.095256
-38.607608,-3.293739
-39.091694,-2.805733
-35.716660,-3.151028
-35.965709,-3.875388
-37.373663,-3.262787
-35.817787,-3.095874
-38.921343,-2.882776
-38.251972,-2.465372
-36.379014,-3.146571
-39.338597,-2.311192
-36.992260,-3.232828
-37.624026,-2.370066
-40.106179,-1.612472
-37.140825,-2.539812
-39.527423,-2.614661
-37.310204,-2.944832
-35.435332,-3.413123
-34.986054,-3.258097
-38.964295,-2.011723
-37.032521,-3.441903
-34.744660,-3.369751
-37.917065,-3.294084
-35.860874,-2.720837
-37.795091,-2.021836
-36.150573,-2.967977
-35.957063,-2.898238
-33.619908,-3.741189
-38.259211,-3.165271
-37.296360,-2.883245
-36.391178,-3.226705
-37.189219,-3.898901
-38.075005,-2.744267
-35.768838,-2.838869
-37.405031,-2.583093
-34.582694,-3.782230
-35.058112,-3.377893
-37.102228,-2.953071
-38.707583,-2.120856
-37.807982,-3.096416
-35.739453,-3.346451
-39.195701,-2.737523
-34.424217,-3.378130
-37.021184,-2.896273
-37.049186,-2.685016
-36.099207,-3.204390
-37.450727,-3.268625
-35.605127,-3.001854
-38.143434,-3.270015
-38.904918,-2.889139
-39.086196,-2.203272
-37.135946,-2.986966
-38.617807,-2.540140
-35.310331,-3.799427
-33.425476,-3.935039
-38.899953,-2.699798
-35.391116,-2.899264
-36.030490,-2.434949
-38.020172,-3.230978
-37.676841,-2.150848
-35.508254,-3.412434
-36.759793,-2.370383
-36.922135,-2.772159
-36.781419,-3.222489
-36.511274,-2.814643
-36.865890,-2.821268
-38.820489,-2.762781
-35.856503,-3.340641
-37.624921,-2.578345
-36.601575,-3.104766
-37.685754,-3.145285
-39.287794,-2.028267
-39.098059,-3.095527
-34.334498,-4.419161
-36.376000,-3.207266
-35.426803,-3.082125
-40.738051,-2.253012
-37.903884,-2.841607
-40.072933,-1.517523
-36.305353,-3.350719
-37.490165,-3.566037
-37.388982,-2.719661
-35.934727,-2.956491
-39.441567,-2.365760
-36.259834,-2.930842
-38.101729,-2.532189
-36.346764,-3.339373
-35.267734,-3.827884
-37.367633,-3.181745
-36.725091,-3.823788
-37.649687,-2.923828
-38.488278,-2.656214
-37.137271,-3.238424
-34.256878,-3.993967
-35.581149,-3.808183
-37.117553,-3.629177
-35.265889,-4.025032
-36.658791,-2.715700
-36.023853,-2.369436
-37.049355,-3.476761
-36.800580,-3.164919
-37.171253,-2.043715
32.360529,4.708972
32.060715,5.250334
30.404605,6.318953
28.817290,4.583585
30.449487,5.576839
30.953015,4.955501
30.891486,5.519979
32.369682,4.870250
30.236550,5.151018
30.626928,4.757614
29.377325,6.212543
30.354210,4.851156
29.804496,4.614506
32.200886,5.079068
35.174972,4.506823
31.598145,4.209708
32.668487,4.817696
33.646009,4.884463
31.857360,5.057650
29.144536,5.013029
30.963272,5.058431
30.665740,4.367663
31.174805,5.195634
33.171745,5.631396
29.285202,4.533035
31.413057,4.488422
29.910400,4.303486
31.382246,4.498576
30.971754,3.911805
28.902219,4.312312
30.910310,4.866849
32.248224,4.523781
29.514472,4.608383
30.589147,4.494264
32.023461,5.336499
29.513641,4.820540
33.220036,6.319636
32.419091,4.136178
26.852792,4.550842
33.363728,4.702541
30.405103,5.085952
32.311156,6.168693
31.871455,4.325366
29.420281,5.727173
32.352301,4.217833
29.409037,3.681469
32.937638,5.681514
31.096600,4.844889
30.438934,4.879805
33.043977,5.873699
28.869693,5.019366
30.857957,6.410159
31.450894,4.864994
30.371859,5.860248
28.454257,4.717890
30.546747,4.142923
31.525172,4.516905
32.564012,6.095661
32.285986,4.741385
30.374835,5.755304
30.146514,6.629330
31.111998,5.162231
30.515428,5.845354
30.190284,4.889684
32.511682,5.222580
28.765662,4.641286
30.144694,5.106937
29.639621,4.445487
27.276082,4.041623
31.558091,5.595732
30.499572,5.478073
31.797553,4.994003
30.933649,5.947263
29.869412,5.426832
32.025893,5.637442
-15.697873,-8.400142
-14.706661,-7.394268
-16.018615,-8.724689
-18.757875,-8.963260
-18.700172,-10.157516
-17.144854,-7.929022
-15.833352,-7.603232
-20.074285,-9.580820
-17.908464,-9.326452
-19.807289,-8.845726
-16.616967,-8.620922
-18.412225,-9.662428
-18.746278,-8.514992
-15.303083,-6.978467
-17.726122,-8.581802
-20.157844,-10.959442
-16.001123,-7.525705
-19.200878,-10.185452
-16.028833,-7.722221
-17.727831,-9.877736
-19.029383,-9.643895
-16.160384,-7.841799
-17.944610,-10.722987
-18.093570,-7.616698
-20.003715,-9.836262
-19.294792,-10.911247
-20.224667,-10.548467
-19.339201,-9.793358
-18.624574,-9.066071
-18.997675,-9.188455
-20.307400,-10.100410
-19.757495,-10.228052
-18.897557,-9.294987
-19.095138,-9.709690
-15.115326,-8.416560
-15.879411,-6.151564
-19.071812,-8.424972
-20.764009,-10.385661
-17.065631,-8.392440
-17.478936,-8.090705
-18.574941,-8.854796
-17.325019,-7.860624
-18.269119,-9.821479
-16.391107,-9.247568
-16.483359,-8.040293
-16.506246,-8.279820
-16.324351,-8.560003
-18.676289,-8.386519
-17.741235,-7.875317
-18.110038,-9.287852
-16.573403,-7.956869
-20.289708,-9.628543
-18.117108,-8.629520
-19.180277,-9.717878
-16.657126,-8.753199
-17.946658,-8.543352
-17.450303,-7.875506
-16.783849,-8.926714
-16.012921,-7.734936
-17.629410,-8.651675
-21.221448,-10.020957
-17.651707,-8.848726
-17.042832,-8.389044
-17.289274,-8.745516
-16.643195,-8.573884
-17.416781,-7.976417
-18.335150,-9.159746
-19.142394,-9.181991
-16.301859,-7.052970
-16.588850,-7.930734
-17.731269,-9.130138
-17.678680,-8.932830
-16.256424,-7.967337
-18.036161,-9.920746
-20.202852,-10.606440
-15.409734,-7.627714
-18.300409,-7.678968
-17.903438,-8.799035
-17.440484,-7.654245
-17.448698,-8.423503
-17.070182,-7.546205
-17.085653,-9.238520
-18.322774,-8.310402
-18.268731,-8.896337
-19.630114,-9.802306
-16.896284,-9.488100
-19.465054,-9.409583
-17.735024,-9.434135
-17.352397,-8.998202
-19.208673,-9.220800
-16.911119,-8.442944
-18.384141,-8.950955
-19.069595,-9.238883
-17.798757,-8.106735
-18.154306,-8.602221
-17.650726,-9.784596
-16.534150,-7.353422
-17.573363,-9.376937
-20.016795,-10.304870
-18.117832,-9.430604
-18.319582,-9.773593
-19.115593,-9.987974
-15.899568,-7.859527
-16.875525,-8.068975
-16.967885,-9.185477
-17.469699,-8.671151
-13.892223,-7.749328
-15.459390,-7.819729
-18.243906,-8.941707
-18.550004,-8.352098
-15.767660,-8.565859
-17.949436,-10.116993
-19.238418,-9.306193
-19.718193,-10.493190
-15.660382,-8.171607
-18.732556,-9.864929
-18.638756,-10.445706
-20.156843,-10.906019
-17.202159,-9.113147
-21.145959,-10.597435
-16.529719,-8.676961
-17.835061,-9.057870
-17.608876,-9.648492
-18.027238,-8.803792
-20.724702,-9.622583
-18.062300,-9.157178
3.604977,-3.526742
1.483807,-3.347375
3.246491,-3.535111
0.936962,-3.714389
2.719598,-3.963415
0.561829,-5.065097
1.833483,-4.315800
5.633871,-3.326470
0.950154,-3.982417
3.553968,-4.032416
2.074123,-3.705422
1.103514,-3.424202
1.595295,-4.037112
0.076747,-3.583932
1.906101,-4.163859
1.007060,-4.289297
2.235828,-3.676131
1.066420,-3.864692
2.063094,-4.553652
0.993790,-3.296165
1.186600,-3.932049
0.064358,-3.792750
-2.126968,-4.223321
2.939614,-3.925649
4.025139,-5.101193
1.484240,-4.956063
-0.971817,-4.490763
1.690233,-4.456943
-0.044644,-4.422259
2.824970,-4.197295
2.030576,-4.593391
4.286616,-3.767980
-0.761524,-3.799717
1.505756,-3.826865
1.067764,-4.115536
2.818980,-3.417929
4.491415,-2.973630
2.354683,-4.573076
1.858353,-3.265126
4.530908,-3.203280
1.585572,-4.764873
1.082464,-3.975455
2.085434,-3.944223
2.579827,-4.689502
5.078361,-4.263559
4.803668,-4.370425
2.901919,-3.965938
3.756025,-3.793880
1.942761,-3.930637
0.588693,-4.498322
1.585304,-4.413481
5.279583,-2.918027
-2.375717,-2.660514
2.498796,-5.345428
-0.941000,-4.282998
5.657827,-3.871365
1.095185,-4.806321
0.673877,-4.716336
0.925826,-3.303873
-0.497445,-4.509232
3.539959,-4.618063
4.278151,-5.091487
5.354910,-3.365506
1.409417,-3.414650
2.355083,-3.564168
1.312007,-3.124913
0.975528,-3.302967
1.136673,-4.039601
1.571895,-3.868305
0.878865,-4.838395
-1.507888,-4.582122
-0.285641,-3.777065
-1.268696,-2.982868
4.167663,-3.692305
-1.518574,-4.424440
3.336826,-4.386621
4.542774,-4.158857
3.355171,-4.315728
-3.785520,-28.662189
-4.133841,-30.954568
-6.695106,-31.356405
-8.374034,-33.085215
-4.293082,-31.855559
-4.270392,-31.199825
-3.734603,-31.764756
-6.823119,-33.231620
-0.623412,-29.535737
-3.732318,-31.259036
-6.496081,-31.962091
-5.257483,-30.627659
-5.758138,-30.598163
-3.239208,-30.469761
-5.016761,-33.159540
-3.246063,-29.584178
-4.663995,-30.016082
-5.703889,-32.413985
-6.009038,-30.550618
-4.852455,-31.745836
-6.468817,-31.290727
-6.023960,-30.971119
-1.104312,-28.051958
20.341221,-13.888448
20.872983,-14.067989
16.515847,-11.934035
19.865286,-13.438921
18.747966,-13.279426
19.004009,-12.589384
19.096979,-12.848129
17.663281,-12.785316
18.541152,-13.040646
18.998815,-13.171606
19.798976,-13.122467
18.188165,-12.704653
18.170464,-13.168049
20.821382,-13.268041
17.997358,-12.704506
17.142493,-12.020897
15.040486,-12.043625
20.367394,-13.758849
19.892787,-12.987586
22.341059,-13.198615
19.318381,-13.216111
20.568457,-13.481432
18.964411,-13.055010
18.424383,-13.157683
20.387008,-13.081953
18.881372,-12.863767
17.310672,-13.087985
20.421438,-12.715881
21.002108,-14.230594
17.831617,-12.560307
18.833456,-13.003829
18.941915,-13.033178
16.958539,-12.662888
19.474614,-12.177335
19.255486,-11.886860
19.335272,-12.366024
21.449063,-13.575957
21.436648,-13.206885
20.817116,-13.337456
19.260517,-13.683115
21.308166,-13.890050
16.407271,-12.459521
17.646704,-12.666991
17.471526,-13.557007
19.717393,-12.689891
19.228066,-13.106983
19.783915,-12.601871
18.569326,-12.861105
18.134487,-12.456278
18.893150,-12.152268
19.125312,-12.886406
19.963229,-13.179044
16.585196,-12.692457
20.795310,-12.954121
19.230993,-13.011168
19.076677,-12.978689
17.640889,-13.079492
20.495724,-13.356451
21.174952,-14.310678
16.361628,-11.890859
19.178849,-12.392556
20.484921,-13.565628
18.203333,-12.314630
17.910621,-14.053046
20.483591,-13.145603
19.858948,-11.885642
17.714538,-12.359527
20.634095,-13.457261
18.795593,-12.348050
17.844136,-12.142877
20.542728,-12.666407
20.954315,-13.808249
18.348111,-12.904398
20.367150,-13.801886
21.342089,-13.346945
17.137204,-12.553198
19.392234,-13.884772
17.953265,-11.548323
21.496248,-14.232985
19.922291,-13.546303
18.880405,-12.113260
17.590131,-12.342278
19.913735,-13.838008
20.374210,-12.549221
19.031362,-13.244988
19.378905,-12.665111
21.113733,-12.818217
18.741744,-13.045227
18.379210,-12.717759
19.471504,-13.260341
20.361786,-13.017972
19.653785,-13.681746
18.932821,-12.278275
18.990328,-13.319355
18.664115,-11.884487
21.180876,-13.382971
18.853058,-12.345604
17.521404,-12.702011
21.578409,-13.264993
20.099896,-13.796439
17.194425,-12.997640
16.986280,-12.281731
18.572521,-12.722592
21.168418,-14.522464
18.759031,-12.634603
18.769902,-13.373194
18.961364,-13.033062
20.538729,-12.876145
21.616674,-13.390585
18.569960,-12.350004
20.488421,-13.345787
15.902252,-11.818072
18.923893,-12.694122
19.163960,-11.884065
17.545474,-12.654949
18.577984,-13.093638
17.038549,-13.218011
21.547799,-12.911505
15.903044,-11.920873
18.921711,-12.631007
19.972046,-13.170224
19.025963,-12.675242
21.218668,-13.863909
17.670686,-13.000910
20.728117,-12.382661
18.867340,-13.270896
21.579696,-13.306220
17.934637,-12.872242
20.613923,-13.446157
20.101485,-13.794405
19.012074,-13.559884
18.718708,-12.602611
20.050540,-14.006352
16.584682,-12.849568
19.996494,-13.154669
18.086639,-12.890567
18.270779,-13.016582
20.613943,-12.678021
15.573788,-11.182535
19.034960,-12.038696
18.414854,-13.095646
18.303223,-12.862967
20.323348,-13.830776
17.578488,-13.596102
17.897622,-13.566894
21.868427,-14.743406
16.088380,-12.322446
19.061085,-12.264990
17.444944,-13.319353
17.749418,-12.566845
19.504525,-13.122549
17.004845,-12.933585
18.410546,-12.846910
21.530439,-14.103884
18.888479,-12.283209
17.610020,-12.310759
20.434907,-12.431486
18.550811,-13.412249
19.387151,-12.629401
19.106375,-12.559012
17.433764,-12.367584
20.276364,-13.270848
19.180184,-12.063955
21.368247,-13.706992
19.901391,-13.064507
22.724141,-13.409238
18.735319,-13.905614
19.610537,-12.841455
21.335378,-13.625084
20.477817,-13.690988
18.985086,-12.898872
19.726825,-13.050644
17.762905,-12.815644
17.093435,-11.714150
19.544442,-13.483818
21.424876,-13.717821
19.636492,-12.758370
21.178188,-13.731463
17.481865,-12.979226
19.926739,-14.014789
15.056054,-12.337227
20.801303,-13.909038
20.100328,-13.437941
17.749483,-12.822318
20.161583,-14.080147
18.973570,-12.970385
16.766090,-12.351498
19.006002,-13.557865
19.390771,-13.337023
19.415953,-13.619502
18.191289,-12.858367
19.066764,-13.925397
18.340285,-12.565096
20.362397,-12.841447
23.637919,31.049244
25.998768,32.039240
26.565985,32.969199
26.805097,33.792435
23.975884,31.623304
25.177207,31.967573
24.633934,31.696304
23.361239,30.686633
26.140716,31.069669
24.006601,31.934472
26.444093,32.178997
23.999520,31.402253
24.772103,31.446220
23.877677,31.679497
24.361388,31.373178
24.589308,32.161091
26.020059,34.000333
23.517265,32.395938
25.505563,32.734181
23.828987,32.001497
27.132137,33.733394
25.456595,31.423781
24.676903,31.243315
26.400557,32.537228
24.562056,30.889049
25.261519,34.554075
25.269398,31.171287
25.091493,31.655122
25.778055,31.306186
23.820543,31.209369
26.346443,32.724746
26.856290,34.320944
25.162114,32.711600
26.693880,32.666180
24.585790,30.391659
22.916037,30.222984
26.496826,33.921053
23.843324,30.637997
26.427798,33.046891
26.333722,33.135933
23.901546,31.548437
25.311543,31.330247
26.121604,31.053809
26.566459,32.324606
26.022893,31.406563
25.398073,32.609194
24.731646,34.024524
25.791216,34.153669
25.562091,33.438191
21.976271,31.008306
25.988217,35.459044
24.696075,30.933886
22.593785,32.421948
26.882776,31.756260
22.747309,29.719350
25.780000,33.591729
26.509857,34.309769
26.167484,32.755767
23.683470,31.286238
25.021048,32.349561
25.480046,33.208593
24.779807,32.429549
26.914282,32.064108
25.162757,30.697979
24.489302,30.702907
26.723074,33.064129
24.986602,32.074175
27.401603,31.624410
-10.046468,2.028690
-11.041836,-0.176150
-8.949907,1.037800
-7.913008,1.009170
-11.539985,1.019921
-10.291611,0.633386
-8.562065,0.968406
-11.149059,0.873155
-10.972685,0.765681
-11.460086,0.788163
-11.555202,0.489583
-9.390529,0.561150
-8.726796,1.114824
-9.450128,0.354943
-11.274971,0.461904
-10.367361,1.619374
-10.420513,0.607507
-9.875441,0.799427
30.419324,-14.450973
32.849156,-15.430611
34.517042,-16.444289
33.052637,-16.393550
33.044318,-15.702142
33.450966,-15.374918
35.426300,-17.098111
35.207787,-15.618959
34.445929,-17.653939
34.243279,-18.241870
32.007101,-16.366967
32.452406,-15.214942
34.702479,-16.884482
33.294800,-16.044755
32.029517,-15.624090
33.617514,1.202081
35.052894,2.843901
31.255477,0.710535
31.577999,1.546345
34.030944,1.942675
32.500528,0.916336
33.386829,1.400599
33.029551,2.702979
33.972726,2.199584
33.445851,1.487828
31.607347,2.593062
32.942813,1.891993
34.738929,1.762765
31.330599,2.395593
34.213215,1.170936
38.324962,2.015867
34.091309,2.774212
34.938958,2.405740
32.037412,1.795410
34.311068,1.332032
35.771054,2.473879
34.291952,2.107440
34.021330,2.364025
35.200989,1.985528
31.217937,1.176153
34.465929,1.744757
33.257196,2.451913
34.778810,1.874390
34.378586,2.340973
35.136124,1.954506
37.658103,1.760436
34.101563,2.502300
33.639718,1.352302
36.085459,2.386608
36.397481,2.914743
34.024094,1.129598
35.501629,1.816250
35.269838,1.367627
35.361840,1.818397
34.981856,2.750491
33.916964,1.448433
34.567064,1.601158
34.384320,2.529691
33.451508,3.165793
33.504742,1.434091
32.705961,2.406103
32.441827,1.187241
34.136861,2.634416
36.562047,2.086805
36.208008,1.801823
35.424062,2.878988
34.415866,1.588821
35.541440,2.292581
33.916466,2.718984
33.357417,1.131782
34.862826,2.702378
2.183487,27.860102
2.397527,28.532290
-1.292449,26.341360
3.101232,28.784115
0.416372,28.270530
2.327121,27.122239
2.013814,25.738451
2.220038,26.610251
1.664888,27.189288
3.197364,27.543172
3.427357,28.707546
2.791848,27.957565
4.160011,28.780320
1.522712,28.614260
2.510276,27.785454
4.090970,28.536213
2.894524,28.349177
4.278318,28.007363
2.461158,28.268146
1.604008,27.651744
0.240722,27.249679
2.972908,28.358231
1.219188,28.166285
0.872456,27.949575
0.599539,27.611915
-0.291712,27.437524
-0.950128,27.310169
5.236628,27.749175
0.084937,28.125899
2.349654,27.807794
4.482289,28.951301
1.577055,28.627438
3.571414,28.530638
2.552723,27.485794
0.778534,27.135103
1.189310,27.538716
0.996731,26.949304
1.670100,27.048827
-2.371119,27.340762
0.995332,27.695614
1.113548,27.645072
2.962946,29.142653
0.349321,27.623954
2.604618,27.863349
1.479648,27.942225
-1.786208,27.333384
-0.431472,28.286643
0.719135,28.041987
1.029751,27.761021
3.025493,28.833385
3.377033,27.096698
2.292501,27.469480
0.998639,27.925037
2.823279,28.926307
-1.284055,28.115992
-0.079625,27.684437
0.035133,26.495302
1.596110,27.621761
1.508118,27.536705
-0.692611,27.224726
1.606901,28.180825
5.141234,29.070624
0.436458,27.834630
3.352669,28.566130
1.272268,28.151540
2.563474,28.628074
3.101967,28.389664
2.063663,28.277489
1.202183,30.111660
3.006390,28.331940
2.744289,27.234568
4.627938,27.818499
1.035808,28.160497
0.187606,26.520027
1.264599,27.856023
2.596823,27.187559
2.149893,28.064200
1.841410,27.838590
0.560798,27.581126
-0.968090,27.209502
1.752985,29.238669
1.443502,28.601775
2.376393,27.160377
2.139283,27.913612
3.716039,28.906606
2.726325,28.721345
-0.028640,27.897944
-0.073524,27.914111
3.045181,27.178434
2.106741,28.265180
2.963786,27.560051
1.915685,27.849520
2.263367,27.198171
0.776316,27.675453
1.083972,28.173766
1.731361,28.489704
0.109787,27.529183
4.738203,28.095909
5.547404,28.530430
1.605727,29.908172
2.898106,28.188509
3.308970,27.388000
1.772496,27.329090
2.423558,27.902915
6.459442,28.374582
1.555174,27.981042
2.088090,27.592336
2.677909,28.903826
3.477687,28.099199
3.007733,28.206451
0.517048,26.837799
3.203243,28.871666
-0.767884,29.450135
2.918231,29.236747
3.247603,27.963507
5.004233,28.077810
2.773361,27.832120
0.386563,27.256152
0.541937,27.600599
2.217707,28.464895
5.338165,28.474599
2.458733,27.429746
2.533882,28.266077
0.900477,27.668763
1.804376,27.194198
3.906458,28.429342
1.493314,27.746904
4.820923,29.459151
1.017636,28.169168
2.620623,26.681315
0.004269,28.420806
2.909875,27.959505
4.659676,27.642984
2.417030,27.500652
3.053619,29.032611
3.539789,28.114654
1.379630,28.870496
6.225207,27.627837
3.317128,27.567172
1.593501,27.944578
2.668074,26.629066
1.724096,28.706956
4.545573,29.288814
-0.826238,25.567773
1.181190,28.110718
2.702118,29.566307
2.617746,28.506429
4.192112,27.704677
-0.397782,27.236742
4.979976,29.652858
1.651876,27.229965
0.326021,27.047634
3.631152,28.421564
3.908634,27.971186
1.819493,28.277117
-1.733300,26.877533
-0.507753,26.685029
0.585858,27.787739
2.477744,27.630523
4.656684,28.580284
2.345595,28.280645
0.135831,28.804035
3.412816,28.756009
-0.758526,28.081989
0.989297,27.464640
1.427422,30.067754
2.394528,28.303504
2.588084,27.916266
3.103150,27.843248
2.663177,27.947293
-0.995157,27.338359
1.583683,28.211049
1.984094,27.284261
1.885457,27.408984
2.332687,28.067359
0.719453,28.713317
0.727560,27.710533
5.150258,26.920752
1.384669,27.191092
2.918042,27.506171
3.534067,29.069428
1.509055,27.962368
2.239670,27.682631
1.585990,28.561968
2.622830,28.863764
3.103017,27.651738
-0.071686,28.380642
1.777090,28.323143
3.634804,28.167383
2.548783,28.760650
19.226095,17.334108
17.886481,17.859934
20.824338,18.779372
16.592450,17.427523
18.648034,18.361067
16.884665,18.180291
17.670418,17.321571
19.302623,17.344276
19.141006,18.729841
21.374743,19.912548
19.769451,19.241770
16.318807,17.932985
17.575779,18.575128
18.854898,17.108505
18.854347,18.070967
16.208587,18.693276
17.172259,18.083203
16.918319,17.429116
17.578143,17.131770
16.457036,17.065338
18.184352,17.103762
17.598116,17.168987
16.327334,18.027598
19.346817,17.946365
18.425879,18.982314
17.144726,17.724182
19.342997,18.264560
15.792424,18.257793
15.081721,17.011223
16.697248,17.485637
19.023479,19.058935
15.198319,17.107014
14.870637,19.597281
17.101648,18.622676
18.097527,18.158967
17.897808,16.815797
13.838058,17.240395
19.160059,17.662697
16.087794,16.866962
16.095046,18.603634
19.647545,16.763234
19.043712,17.415126
17.064295,18.522788
17.113840,17.615310
21.789035,17.694518
19.444680,17.541655
19.605899,19.072663
18.000563,19.460652
18.422110,17.452885
18.547508,18.395246
20.183475,18.555816
17.700424,18.597126
17.903407,16.917654
16.197365,16.852071
16.064250,18.233185
16.664968,17.637771
17.394729,17.755370
16.845779,17.786943
16.706965,18.037207
19.632011,16.667309
18.239377,18.420352
19.522827,18.985588
19.374850,18.568361
15.713687,17.920789
17.444118,17.918676
17.562312,17.820660
19.228228,18.331036
16.063121,17.877794
17.676256,18.786805
14.892526,16.516574
17.229492,16.659518
15.402285,17.969533
18.576678,18.688364
17.096594,17.089748
18.089243,16.806447
19.527907,18.798702
16.001626,17.035135
19.887297,17.347126
17.116264,17.139759
19.462806,17.580558
20.233281,18.522583
18.848540,18.929618
19.253534,19.534242
15.393913,16.811000
18.832050,18.902749
18.627808,17.067361
16.906970,17.188084
18.995521,17.421718
15.667875,17.781038
16.908897,18.545730
18.216156,19.386310
18.655758,17.670504
16.787349,17.787859
19.459364,18.850104
16.043592,17.398471
15.457565,16.908655
18.828711,19.160730
16.280616,17.402274
17.970963,18.402050
18.699587,18.100288
17.761837,18.003106
16.090196,18.640511
17.637456,17.336129
16.152556,18.155198
17.355770,16.142410
17.479040,18.856259
14.822193,18.749326
15.847392,18.248250
19.208174,18.661026
14.595891,16.789540
16.898570,17.263655
20.266645,19.117442
19.538018,17.334055
18.375243,17.180922
18.509076,19.364974
19.405780,18.877686
18.540860,18.467037
19.500280,19.220871
17.148832,18.372468
18.478571,18.225265
17.321639,17.883549
19.956967,19.294802
17.818433,19.318391
18.400876,18.403416
17.798348,18.662365
19.149387,17.958628
16.518229,17.787049
19.338338,20.061360
15.602853,18.046863
19.459765,17.583095
17.585035,18.162385
16.304384,18.616764
21.523517,19.153090
19.201325,18.138571
18.003553,19.035326
17.511577,16.872565
14.374013,17.274612
16.208152,17.090561
21.355123,17.760114
16.193248,17.898765
18.375956,17.365448
14.564089,15.381763
19.712341,17.952324
19.353499,17.648551
16.286968,15.720153
16.518787,17.187477
21.125966,18.574548
19.203673,19.805869
17.540894,18.197699
18.125510,18.115881
17.861368,19.186549
20.815206,19.798523
18.328444,17.437656
18.876064,18.776830
18.539715,19.563936
19.723697,16.897117
19.803488,19.777566
19.260139,18.369056
19.354016,18.696930
17.343387,17.075725
21.063171,18.417584
15.195747,15.719526
16.750693,16.856780
16.910229,18.058826
17.187920,17.624885
16.267647,17.752040
17.911710,17.745937
19.666802,17.168763
19.217279,18.313533
17.249028,17.713236
17.293808,17.805603
18.620810,19.084004
19.951503,19.473753
17.717212,16.785620
16.843422,16.717459
18.680189,18.654111
16.531487,17.656439
15.363794,18.510917
20.085822,18.664489
16.881493,17.228537
15.265036,18.181181
17.543473,19.007653
17.402154,18.150494
19.299847,18.141718
17.320625,18.595842
17.863100,17.234614
17.976461,17.791709
-26.034664,-2.119992
-26.724861,-1.079347
-23.394236,-1.362983
-27.076782,-2.243895
-30.129628,-2.973190
-25.450833,-2.787418
-26.032316,-2.789276
-27.761443,-2.187937
-28.206358,-0.590643
-25.561582,-1.540208
-35.423263,-36.273822
-34.851318,-37.075798
-30.543888,-36.444950
-33.077524,-38.074701
-30.157046,-37.871154
-35.043607,-37.713512
-33.161693,-37.294332
-35.254046,-37.103568
-33.992526,-37.232147
-33.943547,-37.880544
-33.554304,-38.032181
-30.577210,-37.578063
-30.685463,-37.092090
-34.851877,-36.625862
-33.453326,-36.166548
-36.291115,-36.716069
-33.790668,-36.370894
-29.948828,-37.193324
-32.931199,-36.935815
-35.401857,-38.370932
-31.668471,-36.837878
-30.760278,-38.265291
-32.989105,-37.551286
-35.114962,-36.497507
-34.033307,-36.685783
-33.381922,-37.229776
-34.547373,-36.185685
-30.119010,-37.020931
-34.163369,-37.055964
-34.836265,-37.070491
-32.858330,-35.724941
-32.505897,-36.654533
-31.789975,-36.729549
-33.467183,-36.681977
-33.103979,-35.234565
-35.105207,-35.490155
-32.225752,-36.689819
-13.909014,-4.358112
-13.632083,-3.930840
-14.855747,-2.285817
-15.249568,-3.855201
-12.580957,-3.987850
-14.252974,-3.716896
-13.796632,-2.760097
-15.443239,-3.133669
-16.069442,-2.115062
-15.988149,-2.657997
-16.692172,-1.622295
-13.676969,-3.873908
-14.062778,-3.011430
-15.455579,-3.376254
-12.823658,-4.279750
-13.764042,-3.091375
-17.678738,-0.397692
-15.228511,-2.764896
-15.653806,-2.799816
-15.540841,-2.606840
-12.272407,-5.035058
-15.387638,-2.753756
-15.267031,-1.763631
-14.483697,-2.546523
21.123947,20.683010
20.625448,20.620610
21.716842,20.457471
19.516201,21.683091
20.430974,21.042207
21.633868,21.077428
19.896070,21.375241
19.571764,22.130457
23.435115,20.410711
21.120440,21.159533
19.270185,21.102528
23.476015,20.744538
22.315095,20.209466
20.603132,20.779370
23.270932,20.261676
22.204133,20.906559
21.614071,20.441664
21.460916,21.387502
19.539662,20.924049
16.965917,22.175298
22.776690,20.865261
21.846445,21.825500
19.763551,21.309400
18.889201,22.139138
22.885542,20.829111
21.722108,20.716801
20.678082,20.655202
22.953963,20.538686
22.578683,19.150584
22.240759,20.757219
21.579243,21.458637
20.620469,20.732363
21.404204,20.126917
19.242176,20.875072
22.285018,20.489865
20.765157,20.305643
22.329380,20.693763
19.446206,21.696621
20.796026,20.264646
21.958799,20.948960
19.598862,21.923619
20.989106,21.622923
16.808284,22.089942
22.319823,21.341351
20.682243,21.163507
20.340835,20.882931
22.352755,20.150184
19.005733,20.925220
20.204514,20.978073
21.617287,21.176488
19.851869,21.558494
23.907408,20.839889
19.149719,21.662892
21.262930,21.838623
19.647617,21.435093
21.386173,20.771959
19.485055,22.038934
23.367431,20.450855
19.538301,20.712053
20.730452,20.176127
20.494798,20.097151
21.875963,20.394273
22.232289,21.336065
20.176429,21.068711
22.290955,20.447536
22.614305,20.962933
18.320919,22.433218
20.502499,21.080447
21.845327,21.615892
22.060037,21.449732
22.564508,20.326943
23.463579,20.261838
23.054757,21.172072
20.496140,21.443995
20.429444,20.628230
21.106399,21.909045
20.831148,20.533346
23.525931,19.792492
23.635543,20.549711
19.753519,20.964707
20.037517,21.024011
21.122210,21.150547
21.696168,20.983276
23.416835,20.255928
20.734474,20.036313
23.288658,19.282200
20.429551,21.253608
20.405829,20.515872
19.530690,21.994362
22.272545,21.181045
21.083417,20.059070
23.436308,20.566266
21.283817,21.358575
21.166989,21.082028
18.193484,22.652309
21.673666,20.968539
20.413718,21.586588
20.822925,20.805212
20.931163,20.775993
18.795765,22.371570
21.355719,21.101785
21.419271,21.473898
19.595075,21.759971
19.861984,21.718405
19.411172,21.801916
20.694925,20.804790
23.232261,20.242654
22.063743,20.676774
19.403746,21.620179
21.459103,20.408582
23.240365,20.939481
23.384165,19.725827
24.242909,19.758036
21.424776,20.650758
20.963310,20.589992
22.580152,21.408593
21.615192,21.261863
22.439151,21.350084
18.880957,21.824112
22.578002,20.519475
20.969603,21.133311
14.568952,-23.037983
16.532958,-22.760258
15.858513,-22.176178
14.764272,-23.300426
16.373180,-21.663621
16.116889,-21.784195
16.458439,-21.557014
12.087483,-24.861995
16.685585,-20.727536
16.377585,-22.268598
13.656624,-23.730532
14.952302,-20.829597
12.123171,-23.630894
13.973735,-24.997715
14.168937,-23.752896
16.329572,-22.934539
13.521031,-23.202968
12.160973,-24.561954
16.913411,-22.517938
13.542672,-21.803323
14.630144,-22.289840
14.841190,-23.338331
17.175333,-22.353127
16.293500,-22.127636
15.026809,-23.496138
15.048786,-23.405951
12.804581,-24.244071
14.090913,-23.635357
14.411819,-22.168279
15.850192,-23.403894
14.948988,-22.374072
13.845857,-24.733200
15.285497,-22.374005
15.382228,-23.701252
13.638719,-24.101323
15.661550,-23.459825
11.428978,-24.227153
15.149317,-22.257126
15.575758,-23.696208
17.095313,-21.582881
15.075351,-23.915234
15.292559,-21.492090
13.593996,-22.813061
13.832038,-23.570148
13.559992,-23.470153
12.551349,-23.575690
15.726384,-22.732641
15.920561,-22.103819
14.936036,-23.125335
14.984419,-22.906705
14.095819,-23.356418
15.113926,-22.413447
16.169767,-23.339607
14.121778,-23.991483
16.488795,-22.034097
13.259989,-25.072437
14.718159,-22.207229
15.996968,-21.668857
15.743859,-23.746983
16.352855,-21.638326
15.323097,-22.201261
15.051324,-23.457490
17.743858,-21.904079
13.867068,-24.789816
17.025990,-24.948587
14.948186,-23.272073
12.949440,-24.166387
17.196534,-21.393919
15.402986,-23.776203
12.208332,-22.918997
14.060394,-24.183474
14.044645,-21.754555
12.382755,-23.385821
13.254649,-23.889472
15.764034,-21.764874
15.318202,-22.266769
15.339571,-21.852941
14.156296,-24.256735
16.894499,-21.471582
15.619087,-23.568800
14.696712,-23.465649
16.462025,-22.565042
15.976909,-21.641589
15.555639,-21.119148
16.287226,-22.449010
15.309280,-21.138605
17.662253,-20.071440
13.007985,-23.301719
14.153766,-23.951520
13.274847,-23.974469
14.685697,-22.466170
13.953728,-22.152536
18.154202,-22.374162
17.001941,-20.576896
15.589788,-22.066606
15.323068,-24.441846
13.934143,-24.611422
16.176434,-22.224500
15.780390,-21.860875
14.854785,-22.467281
13.548302,-23.216322
16.707847,-21.415204
14.671923,-23.845891
16.562870,-22.951624
17.788420,-20.998386
13.028880,-23.396464
15.029061,-23.912149
13.616381,-23.233460
16.507279,-21.949660
15.511192,-22.420169
12.567136,-23.933368
13.174656,-23.142760
16.610871,-22.081336
21.364878,-21.075807
16.046236,-21.613371
15.545442,-22.846270
15.677959,-23.489932
13.661789,-23.724324
14.045057,-23.446243
15.592919,-22.009085
16.319167,-23.128680
15.649478,-22.457044
15.592267,-23.503515
15.471428,-21.533893
13.877951,-23.028134
17.664908,-23.848489
14.807061,-22.667453
15.928613,-21.558902
13.031047,-21.491586
15.795999,-23.618026
14.386117,-22.614525
13.432084,-24.422031
14.303791,-22.975075
16.856936,-23.081634
15.416766,-22.197493
11.073517,-23.932095
13.568014,-24.958736
15.172080,-23.273287
15.113059,-22.442003
14.961531,-22.469117
12.573558,-24.036286
15.856537,-22.656148
18.102227,-22.723320
16.355914,-22.519202
14.706317,-24.468527
14.151818,-23.119220
16.233466,-22.817570
18.216176,-23.669778
17.502308,-22.695208
14.496831,-23.592902
14.929445,-22.109438
17.555189,-23.462725
15.935310,-21.321644
17.083218,-22.717143
14.603836,-22.986408
17.388658,-21.131721
15.203286,-23.039802
15.379393,-22.041556
12.953418,-24.329743
12.461067,-23.880192
16.643969,-22.593483
16.452191,-21.786641
13.248955,-23.925396
12.153746,-23.562698
16.893551,-23.151574
14.318566,-23.537833
15.784307,-22.382137
16.572312,-22.383587
15.054614,-23.955279
15.074989,-24.938287
14.342682,-21.155588
15.211322,-22.955260
15.277818,-24.595047
16.669291,-23.425038
14.564147,-23.652350
16.070719,-22.097624
14.674152,-23.285392
15.969324,-23.573222
15.677019,-24.435854
14.031743,-23.688463
14.066055,-22.404360
13.670907,-24.545183
16.487925,-21.811726
14.839961,-24.798982
15.978767,-21.299969
14.913764,-22.282878
15.753681,-23.001691
16.156492,-22.964841
16.911175,-24.002364
13.978304,-23.551259
16.655546,-21.739243
16.827100,-22.058477
29.946767,-25.090839
30.461281,-24.415984
28.853060,-25.409538
30.384399,-25.246151
28.911673,-26.269570
29.441822,-26.852755
29.559293,-24.829733
29.995358,-25.536009
31.217201,-24.127859
27.520823,-22.684229
29.677556,-25.184572
29.561365,-25.710614
28.404080,-24.233624
28.557127,-24.631983
30.702073,-26.275094
26.782841,-22.328403
28.374417,-23.014673
29.330272,-25.893602
27.671327,-24.526246
26.689040,-22.686008
29.332663,-24.015400
31.352558,-28.053135
30.370586,-26.259556
28.693790,-24.250470
29.630069,-25.248715
27.852461,-24.032898
30.417464,-25.145112
28.469917,-23.581307
28.038373,-24.368113
28.938895,-25.866430
30.463043,-24.309280
28.803438,-24.964941
30.050771,-25.243695
28.654507,-26.204009
27.602042,-25.984241
28.321702,-25.746265
28.881243,-24.751218
30.844378,-25.916887
29.729439,-24.752731
29.384460,-25.743132
30.657361,-26.527772
29.453888,-25.145111
30.058746,-25.568666
29.031987,-24.564875
28.413524,-24.497002
31.854263,-27.397803
28.061433,-24.803083
30.768134,-26.314528
29.546707,-26.237292
29.699619,-25.708385
27.443414,-24.301238
27.922533,-23.493778
31.851850,-25.994423
30.746563,-26.006799
30.048789,-25.982500
30.477514,-25.272195
29.216653,-25.536167
29.977125,-24.284559
29.221951,-26.736635
29.274004,-25.265485
28.350268,-24.949591
28.258458,-24.325703
29.494234,-25.059097
28.105882,-24.302343
31.620392,-26.541764
30.599026,-25.909718
29.952744,-24.748259
30.070399,-24.228996
29.218742,-25.634659
29.428023,-26.146062
28.076574,-24.880057
29.417747,-26.131876
28.862419,-26.085352
29.331426,-24.936623
29.352964,-25.533963
30.043711,-26.699929
29.603489,-25.333154
29.150390,-25.836030
27.903250,-24.356915
29.247722,-23.927610
29.550249,-26.671758
27.584494,-23.014304
27.619906,-25.931162
29.040953,-24.270458
29.891860,-25.834260
29.285291,-25.788560
30.070692,-25.819657
28.961590,-25.206405
28.447233,-23.386036
28.738696,-23.791481
30.490031,-24.173716
27.963643,-25.300989
30.143033,-25.838307
30.064840,-25.930457
30.429025,-26.274744
29.171901,-24.404410
29.128126,-25.214956
30.343482,-26.236372
29.760407,-24.290707
30.507279,-25.055068
28.386161,-23.279864
27.795479,-23.589782
27.985058,-22.278487
28.420398,-24.604641
31.897417,-27.539811
30.348947,-26.224915
29.474519,-26.524713
26.921996,-22.768509
29.593249,-25.996428
27.828611,-23.641164
28.614484,-27.068012
27.715012,-24.294303
27.533409,-23.304814
30.223756,-25.143503
28.466965,-23.476655
27.318412,-22.690820
29.839985,-24.257874
27.304534,-23.929063
26.654548,-24.039949
-30.305013,-22.733914
-30.001799,-22.733817
-26.426870,-22.171240
-28.715178,-23.105435
-28.731202,-23.281495
-29.812203,-24.019816
-29.197223,-23.033078
-28.974392,-23.637125
-30.949274,-23.975807
-27.134650,-21.666328
-28.971515,-23.054274
-28.959377,-22.712544
-28.734521,-23.416960
-27.041052,-21.967251
-27.098850,-21.433566
-27.425647,-22.917575
-27.259883,-23.198770
-27.823773,-22.698364
-25.067282,-23.014854
-28.190510,-22.055031
-27.118273,-22.259429
-30.725753,-24.631801
-28.190218,-23.166901
-30.391328,-23.269031
-30.495516,-21.923371
-31.310215,-24.040992
-28.356231,-23.719277
-26.532086,-21.994220
-27.291406,-21.852654
-27.723166,-22.860608
-27.291729,-20.837705
-29.913473,-23.870186
-29.540172,-22.323037
-28.137128,-21.333027
-27.477888,-22.479997
-26.014681,-23.477761
-30.468054,-23.559892
-26.114714,-22.906047
-25.908739,-9.448992
-25.999689,-10.109848
-26.090580,-10.984886
-23.485731,-9.087646
-29.141306,-10.026754
-24.050467,-10.639765
-25.595995,-9.611990
-28.076972,-9.872869
-28.029500,-8.811617
-27.735854,-9.503200
-24.742643,-10.081115
-24.463603,-9.819228
-25.475754,-9.839630
-24.748517,-10.562392
-25.481999,-9.750534
-24.500874,-11.700868
-26.609348,-10.338195
-29.544192,-9.259790
-25.169111,-9.409946
-26.128456,-9.714755
-25.452253,-10.496935
-29.110534,-9.745068
-25.562882,-10.948750
-26.840358,-8.986120
-25.695692,-10.040301
-26.281619,-10.145875
-26.062979,-8.798829
-27.206146,-10.070939
-26.478639,-10.137588
-27.078165,-9.127590
-24.931342,-9.626603
-24.525518,-9.036059
-26.353907,-10.021293
-26.792415,-9.560411
-25.403598,-9.252380
-25.909750,-9.649853
-25.783928,-9.156338
-25.697746,-9.551950
-27.873584,-10.872248
-24.335748,-10.023308
-23.758863,-10.277112
-27.093916,-9.514567
-26.751041,-9.972675
-23.860862,-9.687162
-26.304858,-10.237953
-23.214100,-9.580519
-25.455407,-9.794119
-24.528604,-9.937243
-27.306826,-9.695018
-28.320167,-9.447468
-26.687807,-10.331122
-26.584676,-9.405490
-24.609732,-10.874658
-25.293100,-9.153967
-25.774946,-9.226825
-26.507160,-9.873639
-24.985504,-10.717802
-28.277528,-9.963751
-26.674123,-9.636160
-25.044136,-10.261352
-25.734670,-10.145043
-26.898740,-8.640237
-25.764583,-10.896748
-28.382812,-9.752938
-23.072740,-9.441215
-25.966530,-9.565768
-25.656784,-9.293612
-26.070829,-10.115703
-24.960218,-9.501228
-25.382830,-8.826600
-25.195805,-10.189049
-27.778897,-10.189707
-26.720882,-9.657761
-26.934392,-9.444990
-26.581609,-9.675511
-27.178685,-10.541242
-26.489550,-9.835738
-23.882755,-9.349456
-26.809881,-9.784366
-29.095212,-8.640286
-26.148224,-9.784172
-25.688191,-11.662385
-24.486721,-10.596386
-24.672639,-9.765995
-25.767491,-10.571929
-26.875543,-9.450120
-24.830076,-10.700473
-27.792527,-10.339006
-25.687720,-11.126323
-26.242782,-10.567449
-25.986706,-10.133511
-24.987463,-10.687652
-22.656492,-10.878059
-23.437305,-9.724227
-25.543238,-9.730242
-30.633974,-10.383145
-25.878144,-9.704388
-26.343746,-10.365893
-25.360512,-10.789741
-26.860435,-9.907542
-26.337854,-10.104726
-30.170624,-10.124949
-25.255446,-10.395900
-24.429267,-9.401161
-26.128578,-8.749041
-25.307652,-10.150900
-25.859403,-9.806266
-24.955568,-9.349809
-26.444050,-11.163566
-28.382049,-8.952723
-28.569629,-10.672258
-26.114219,-9.934162
-27.095193,-10.272471
-24.682868,-9.883737
-25.246974,-10.557814
-25.460197,-9.338842
-24.229743,-10.615294
-26.107076,-9.972949
-26.058428,-10.551193
-25.551051,-9.727554
-25.993330,-11.424223
-26.514210,-10.203669
-26.735704,-8.595677
-26.086239,-10.352437
-27.720285,-10.120790
-25.629645,-10.088813
-23.259030,-11.279733
-25.961146,-9.729979
-22.918091,-11.142897
-24.339753,-11.019056
-27.232076,-9.957483
-26.483673,-9.639748
-25.326909,-9.118100
-27.385058,-9.749263
-24.542989,-11.234385
-25.712887,-9.743748
-24.082654,-9.366168
-26.464939,-9.528404
-25.865659,-11.443244
-27.230901,-9.079862
-25.670334,-9.807852
-24.864235,-9.907920
-25.784667,-10.361921
-31.148529,-9.976072
-28.596054,-10.465504
-25.188861,-9.093038
-27.313321,-11.113875
-24.631699,-10.473436
-25.869628,-9.982156
-26.029421,-9.052823
-25.955621,-9.657470
-24.853666,-9.612361
-27.839473,-10.240577
-25.733404,-9.689457
-24.863234,-10.377748
-26.460619,-8.414781
-26.785747,-9.188971
-21.591918,-10.804700
-26.526430,-10.010153
14.911147,22.270538
13.128995,19.511053
16.937774,22.786858
13.993416,21.379716
14.618827,18.977498
18.780708,23.018468
10.891089,20.305128
18.573800,23.131077
13.725618,22.391094
14.354325,21.509020
13.566917,22.507982
15.896060,22.251840
15.782439,20.697810
17.715202,20.910916
14.970050,21.704044
15.533825,22.187410
14.425959,21.122434
13.726815,19.957882
15.054054,21.928599
13.857023,21.056967
13.432191,21.130513
15.206894,21.943307
13.638084,22.251070
16.404744,21.237122
16.455885,22.757885
14.978312,22.125325
15.849868,23.108673
15.820367,20.782154
14.576842,22.347009
14.734808,22.014682
15.003929,20.997700
12.750027,20.760891
12.926464,20.616791
13.430203,21.581331
15.160749,21.171889
13.001764,21.574954
14.733546,23.040399
14.121410,23.742958
13.544902,21.084738
12.887013,21.186434
11.882557,20.791944
15.090462,22.126839
13.864255,23.007615
14.584701,21.727031
15.496300,22.953252
16.246490,21.400560
16.607644,22.220155
14.837993,22.936567
15.487187,23.341492
16.638043,25.185713
17.377316,23.169297
15.598914,21.498841
13.602960,22.431002
14.859091,23.094098
15.258578,21.093160
15.299139,21.620824
14.425107,21.382575
15.478780,21.163429
13.472120,21.030976
15.763752,24.822113
17.006233,23.310957
18.229452,23.625994
14.794974,21.674985
17.388827,22.167373
16.636798,21.556508
15.978469,23.770879
13.950412,22.834996
16.668131,22.277140
18.075675,22.134442
15.589707,21.842512
12.225751,20.958642
15.254074,22.542543
15.323214,21.098933
15.495881,23.537366
12.905163,21.381017
12.877796,22.689808
15.618566,22.430743
14.937090,21.186321
14.696374,20.785146
14.932783,21.716072
14.793308,20.623927
15.170303,23.864394
15.184841,22.141165
16.016218,22.462387
14.574685,21.371485
15.440245,22.022997
14.164755,22.732565
15.760399,23.081525
13.674946,21.696240
13.300475,21.393381
14.892197,21.790186
15.487181,22.000400
17.664948,23.671113
15.989727,21.008799
13.832870,20.589163
13.925019,20.850098
12.885133,22.936840
17.542775,22.805910
13.432134,21.619769
14.258561,22.566502
16.646112,21.456575
15.651747,23.539343
16.692272,21.235611
13.390021,20.847959
16.159799,21.150398
13.992207,22.125434
16.248861,21.377813
17.723951,23.664758
10.864386,20.679390
14.013677,21.732804
14.539743,21.588155
14.815819,21.160886
16.873895,22.878908
15.243199,20.981404
15.967032,22.065347
13.844069,21.674380
15.792924,20.810105
14.405715,22.259059
11.463975,20.966728
13.262876,22.173014
17.834268,23.050326
15.415809,21.733282
13.134221,22.780248
16.476508,22.460396
14.607106,21.095240
18.332690,23.169741
17.351827,21.123230
13.061398,22.758557
14.045508,22.002602
14.357371,21.660995
14.352164,21.607691
15.727711,23.517418
12.954143,23.687810
16.746377,21.343489
12.968378,21.061798
12.233527,22.777724
17.402453,22.174044
17.640554,22.945672
16.762599,20.877882
14.415611,22.980202
16.076136,23.630384
13.948168,21.504649
16.787155,22.290107
11.851989,20.330695
14.214647,21.414731
16.460446,23.259510
12.101669,21.819308
12.473282,21.094058
14.826724,22.431266
15.508001,21.741282
17.113257,23.841893
15.461422,20.664192
17.206222,24.597915
13.214303,21.628732
17.348792,22.716542
16.712279,22.359057
15.577665,21.547271
16.898978,23.487061
14.431664,22.288200
12.881311,22.176915
12.126901,21.697032
14.431226,21.372543
16.788564,23.300089
14.779034,23.812059
15.683189,22.548635
15.056250,20.619606
16.845805,20.868588
14.514441,21.977577
14.097800,20.936959
16.740296,22.411078
14.727101,20.855635
14.247128,22.156541
13.856376,21.187720
14.453190,22.944889
16.091125,22.413622
11.807663,20.972928
13.446002,21.645296
13.286073,21.754825
15.418706,21.943778
15.130964,22.680714
14.968077,21.970886
14.783890,22.172384
12.903041,20.252284
13.481632,20.967644
15.565940,22.092151
17.299903,22.343807
15.409725,21.600438
13.278662,20.504807
15.460505,21.614464
13.523404,20.111556
13.958365,22.710651
12.772067,21.249568
12.657164,20.126950
16.030745,21.911516
15.313618,20.115350
13.125304,22.399817
-5.288661,11.061904
-9.107300,9.325529
-7.535172,10.614831
-4.784347,11.491632
-6.477347,11.190230
-5.909667,11.236833
-7.763182,11.915333
-5.929107,11.395235
-6.154764,10.360479
-7.317330,11.672747
-4.127857,11.240201
-5.675263,10.757895
-8.008284,11.096603
-6.591363,11.063142
-8.399353,10.601057
-6.518160,11.233775
-8.534033,11.626879
-7.028256,11.702712
-7.808896,10.543310
-8.234220,11.397641
-6.832749,10.811319
-6.659523,10.413222
-4.257507,11.160909
-9.021151,10.309924
-7.816386,9.944781
-8.725159,9.420947
-9.356325,10.182802
-7.566277,10.780822
-5.031456,11.520978
-5.630019,12.303563
-6.742916,10.859382
-7.086766,11.694922
-8.165384,10.593810
-4.994160,12.262179
-4.082886,12.649366
-8.196850,9.727447
-6.954614,11.137893
-6.709112,10.789860
-5.837272,10.604344
-5.815924,11.311157
-7.072464,10.464020
-7.004082,11.650520
-9.149746,11.303514
-7.321138,11.777669
-6.630729,11.463858
-6.138421,10.751035
-6.373658,10.057349
-9.249456,11.261765
-7.799635,10.616797
-5.252090,11.916091
-4.663999,12.037645
-6.205971,10.615779
-10.218656,10.500148
-7.866806,11.346537
-5.285085,10.700272
-8.803032,10.653428
-9.411106,10.468257
-9.990673,10.791861
-6.874578,11.703437
-8.367183,10.956876
-6.233018,11.304068
-10.732862,9.821550
-7.958933,9.834091
-7.435742,11.381110
-6.964315,10.776124
-7.206292,9.869585
-6.154454,11.431773
-7.293699,10.811252
-7.558825,9.883337
-5.338170,11.095334
-9.161607,10.354893
-8.264875,11.228174
-6.616819,11.370213
-5.121764,11.201390
-5.243279,11.026802
-6.061917,11.860896
-7.501930,11.820469
-6.421609,10.570843
-7.018031,10.413281
-8.272040,9.990707
-6.129759,9.998607
-5.864802,11.635111
-6.235488,10.961191
-5.986560,10.763305
-5.960893,10.308932
-6.841589,11.188702
-6.892640,9.728309
-6.009890,10.788673
-11.411145,10.760853
-6.785989,11.983990
-8.710183,11.179266
-6.905289,11.163989
-8.929854,9.910487
-8.587243,10.339033
-7.316464,10.582979
-7.089770,10.265187
-10.041448,10.264033
-9.657500,11.680316
-9.287186,10.452580
-5.833210,10.999070
-9.117336,10.982114
-6.103100,11.340692
-7.360968,11.836263
-7.520159,9.986658
-9.422119,9.948999
-6.183976,11.205757
-9.147158,11.003045
-8.040172,10.876835
-5.194600,11.042659
-9.089679,10.493294
-6.190695,12.265157
-6.416415,10.935062
-8.352758,10.566229
-8.022539,10.666574
-6.184964,11.186460
-6.526675,10.283482
-7.391514,10.891716
-7.228908,10.306037
-6.426351,10.663607
-8.520066,11.739752
-8.640436,9.861143
-5.535171,11.780345
-4.521681,10.637584
-7.608500,11.340877
-5.760012,11.641375
-5.520903,11.390245
-5.918651,10.969630
-8.660659,10.955497
-6.500422,10.399632
-6.078943,11.416036
-19.583348,-24.312938
-21.229954,-25.696935
-21.154169,-26.523998
-20.248256,-26.197848
-21.945820,-26.678658
-19.725948,-25.745211
-20.064389,-25.813356
-20.901054,-26.447054
-23.613626,-27.572987
-20.207966,-26.115819
-20.395281,-26.499944
-22.419263,-26.726331
-22.541021,-27.494980
-22.267903,-26.311060
-20.317855,-25.827265
-22.595085,-27.187405
-21.470711,-26.415743
-19.823545,-24.519636
-18.894147,-23.838682
-20.631386,-25.802433
-20.511691,-25.351440
-21.863973,-25.878515
-20.742847,-25.887698
-20.615875,-25.644724
-20.760864,-25.234759
-22.119079,-27.843023
-19.261552,-25.135029
-21.549034,-26.878713
-21.971313,-26.083120
-21.638386,-27.025513
-18.964257,-25.722989
-21.262399,-26.833391
-21.105054,-25.967848
-19.713501,-24.513133
-19.657194,-25.235713
-19.643992,-24.904405
-20.781857,-24.695191
-20.300580,-25.354539
-20.890831,-25.471427
-20.649806,-26.452630
-21.336867,-26.046600
-19.266978,-25.151293
-20.303856,-25.321816
-20.040631,-26.365790
-20.395812,-24.956432
-21.890688,-26.377366
-21.462433,-25.281210
-20.864345,-26.008246
-20.356743,-25.690781
-21.399400,-27.355165
-19.968604,-24.486461
-19.828810,-25.637392
-20.624908,-26.077023
-21.048550,-26.635181
-22.416365,-27.772809
-20.916418,-25.906130
-21.270372,-26.243806
-20.976326,-26.016223
-22.480262,-27.231840
-21.937150,-27.105583
-20.965614,-26.037778
-22.015211,-27.094576
-20.161794,-25.415755
-20.465306,-26.626465
-20.276124,-24.874353
-20.646821,-25.841562
-21.790949,-26.355118
-23.165542,-27.395676
-20.503941,-25.580699
-22.129009,-26.412060
-20.118184,-24.969297
-23.002510,-27.668329
-20.788511,-26.294640
-19.774198,-25.025967
-21.839339,-26.812044
-22.499542,-26.731622
-20.753530,-25.441078
-20.872906,-25.853236
-22.834245,-26.232277
-19.304403,-24.825420
-22.283167,-27.135440
-20.907908,-25.095273
-21.120659,-25.702540
-20.263872,-26.196100
-20.574574,-25.322830
-21.029672,-26.421478
-23.416534,-27.850039
-20.163699,-24.691088
-21.924646,-27.009733
-21.948724,-26.355020
-21.566445,-26.382661
-18.875839,-24.483424
-20.797217,-26.130849
-20.758048,-25.458909
-20.011397,-26.065281
-20.145943,-25.592562
-20.515001,-26.228903
-20.427807,-25.985467
-21.854981,-26.771915
-21.700715,-26.415408
-19.503457,-24.838991
-22.541184,-28.021030
-22.120608,-26.835972
-19.391289,-24.443188
-22.146209,-26.935834
-21.797620,-25.720890
-20.743115,-24.885116
-22.577971,-27.907629
-21.159180,-26.092347
-22.780183,-26.822959
-22.354324,-27.877654
-22.731198,-27.084174
-19.191268,-23.916181
-19.906649,-24.750730
-20.271946,-25.527590
-21.462369,-26.469847
-19.394025,-24.578857
-19.798615,-24.779438
-19.584919,-24.812696
-21.910047,-25.714249
-18.834896,-24.132026
-19.657917,-24.701097
-21.056779,-25.661119
-22.556655,-27.397979
-21.203932,-25.710027
-20.485610,-25.392544
-21.709420,-27.097273
-19.278227,-24.552286
-21.649184,-27.263603
-21.479535,-26.561080
-21.051797,-25.526238
-20.955069,-26.391096
-20.929129,-26.060569
-20.960887,-25.380753
-20.050059,-25.645299
-21.444818,-26.032625
-20.546297,-26.256014
-21.714097,-25.354654
-21.251873,-27.028212
-19.921623,-25.101529
-21.458087,-26.708909
-23.634492,-27.812697
-21.689887,-25.917882
-20.807241,-26.828273
-20.388749,-25.836093
-20.637403,-25.656692
-21.613476,-26.870611
-20.095784,-25.324480
-21.799773,-26.356850
-21.963795,-26.207775
-20.854149,-25.325976
-21.425387,-26.257248
-23.006946,-27.744332
-20.468958,-24.849583
-21.216312,-25.619453
-21.035797,-26.902530
-21.476716,-26.064958
-21.067327,-25.742203
-22.736447,-26.637522
-21.711329,-26.983325
-20.970399,-26.332773
-20.351855,-25.725331
-20.992059,-25.883035
-23.471153,-27.828518
-23.059386,-27.633468
-21.802288,-26.811088
-20.867995,-26.253249
-21.612445,-26.872476
-20.709347,-25.660487
-21.630656,-26.236299
-20.121963,-25.984568
-18.168366,-24.208994
-20.072010,-25.612688
-20.137971,-25.089275
-20.648653,-25.790889
-20.486231,-24.780098
-20.110098,-26.470005
-19.778384,-25.697734
-19.491076,-24.577249
-23.462265,-28.548122
-20.324797,-25.858431
-18.773334,-23.670112
-20.085682,-24.896558
-22.497468,-27.242899
-19.110663,-25.883968
-22.283469,-25.944521
-20.591194,-25.445044
-20.404143,-25.832015
-22.819351,-27.351744
-39.324180,-31.298761
-38.210658,-29.998106
-38.334395,-29.024436
-38.518950,-30.756010
-36.394989,-32.467038
-39.687406,-31.131257
-36.724716,-30.694719
-36.955946,-30.560442
-38.437946,-31.440389
-38.532915,-32.092301
-38.748291,-31.321001
-37.841490,-30.057077
-38.102605,-31.498247
-39.590093,-30.869303
-39.995117,-31.371476
-37.599908,-31.805483
-35.861038,-31.096448
-37.054487,-31.675458
-1.030087,-30.918073
-2.679431,-31.324439
-0.955124,-31.894550
-2.838768,-31.116081
-4.426188,-31.130484
-3.739831,-31.194904
-3.236388,-31.780488
-3.242225,-30.470819
-2.270177,-30.675144
-4.314593,-30.253338
-5.744690,-30.015646
-5.497536,-30.040864
-0.876586,-30.645894
-5.627418,-28.676328
-3.236068,-30.289844
-3.530985,-30.807266
-3.962222,-31.568817
-2.715862,-31.598840
-4.625079,-30.846309
-3.521075,-31.026433
-4.748632,-30.684945
-2.191822,-32.895766
-5.683846,-28.981026
-4.299915,-31.039444
-3.389043,-31.101099
-1.650720,-31.980166
-2.881939,-30.782079
-2.686763,-31.268932
-4.786570,-31.157940
-4.068941,-31.552909
-0.928981,-32.993712
-3.777250,-31.781039
-3.768774,-30.661246
-0.539256,-31.430878
-4.234611,-31.136597
-3.059592,-30.446497
-3.401631,-30.075121
-2.643874,-30.759564
-2.567943,-30.076196
-5.781263,-30.066850
-3.170957,-30.238648
-4.936651,-30.012315
-2.406409,-32.042429
-4.121329,-31.060620
-2.322080,-31.417194
-2.887299,-29.829376
-1.671816,-30.960577
-2.396939,-31.712670
-3.245433,-29.962195
-3.781695,-30.398285
-3.209567,-30.355715
-2.299936,-32.088149
-3.506588,-31.371667
-1.975741,-31.440705
-6.346001,-29.525810
-2.283137,-29.543923
-3.752162,-30.410231
-3.833198,-30.320447
-4.348557,-32.588208
-2.513892,-30.335618
-0.748555,-32.156002
-1.662983,-32.494131
-3.316318,-31.236664
-3.431151,-30.319097
-4.173847,-31.456983
-4.842144,-29.981856
-2.597997,-31.305261
-3.203500,-30.321298
-2.484259,-31.711143
-3.022783,-32.820221
-3.926416,-32.026361
-3.103469,-30.318428
-4.425882,-30.452039
-3.535511,-29.455716
-1.801940,-31.655717
-0.235210,-31.422556
-1.544165,-31.723993
-2.602063,-30.104885
-2.200443,-31.060376
-2.945063,-30.525843
-2.863175,-31.457595
-2.999022,-30.866261
-4.134406,-30.470400
-5.017579,-30.405934
-3.864605,-31.110923
0.594352,-33.279593
-2.758996,-31.381096
-1.813058,-31.913810
-3.449531,-32.898669
-1.880203,-30.633157
-5.951046,-29.547638
-0.722686,-32.495828
-3.830185,-31.949165
-2.927104,-30.885294
-2.922748,-31.064105
-0.667147,-31.268562
-4.212194,-30.369116
-3.639779,-30.788198
-4.185456,-28.956009
-3.613775,-30.744091
-5.955341,-30.071866
-4.452112,-29.173887
-4.177239,-30.638273
-0.234493,-31.500790
-2.118810,-31.754709
-4.617091,-29.692873
-4.138388,-30.464764
-3.300223,-31.636646
-3.651468,-29.180730
-3.220802,-30.349336
-3.356078,-30.036366
-1.558070,-32.476860
-2.119182,-32.812757
-3.463526,-30.102825
-2.712722,-30.912984
-5.405426,-31.056172
-1.900775,-30.186008
-3.365810,-29.867563
-1.454860,-31.661778
-2.590103,-31.925006
-2.777061,-30.697809
-4.642092,-30.226333
-2.727448,-31.042454
-2.619845,-30.183891
-2.143118,-31.728849
-4.720884,-29.678870
-2.954507,-31.746409
-3.340219,-31.156516
-3.230286,-30.345053
-5.071544,-30.267518
-1.996550,-30.845940
-1.619948,-31.197499
-3.932787,-30.874613
-3.725786,-30.150948
-2.456471,-31.142594
-2.327075,-30.713829
-3.937123,-31.551228
13.428786,-13.735332
14.496656,-14.368926
10.443017,-13.651800
12.269650,-13.735049
8.975912,-13.690185
11.529509,-13.694975
11.867965,-14.125139
10.725627,-14.407318
10.983800,-13.311944
9.112731,-13.402568
11.081584,-13.366947
12.008652,-14.314385
9.540048,-13.456275
12.305029,-14.978138
10.047450,-13.741152
9.784376,-13.731370
10.518507,-13.670290
13.262654,-14.001285
11.292766,-14.277162
10.486061,-13.471477
8.570800,-13.925199
9.429615,-13.519310
11.224827,-13.650629
12.331622,-13.398879
11.586969,-12.734082
8.516316,-13.003507
12.405701,-14.636599
10.640049,-14.473651
12.378205,-14.428291
8.354889,-14.040559
9.772431,-13.655530
12.617636,-14.413165
12.827813,-14.375958
11.140899,-13.852011
13.161538,-14.114556
11.007411,-13.551861
9.613719,-13.738941
11.449533,-14.201682
13.274847,-14.665978
10.084679,-14.095557
10.278699,-13.329956
8.525198,-13.969660
10.707867,-13.452601
9.656031,-13.388143
10.691610,-14.212233
10.434564,-12.966931
12.565239,-14.681924
9.349138,-13.651764
9.633272,-14.239042
14.362944,-14.377250
11.054318,-13.200644
10.955353,-13.682164
11.727801,-14.274928
11.110504,-14.404115
13.152112,-13.769356
9.625119,-14.200380
11.014688,-13.803091
9.679666,-13.786168
11.102866,-12.002391
13.855643,-13.709050
12.718513,-14.160575
7.562411,-14.331882
11.977941,-13.890067
11.024379,-13.961006
11.040049,-14.414859
11.905801,-14.347073
9.937196,-14.433739
12.011037,-14.041192
10.632818,-13.110665
11.218175,-14.425936
12.602620,-13.896602
12.780964,-13.757071
10.481021,-13.901570
8.872676,-12.924407
9.206911,-13.581452
10.628901,-14.548351
9.989589,-13.305635
12.232294,-13.639872
11.664447,-13.762855
11.896846,-13.941087
11.249499,-13.874487
10.076411,-13.569881
10.348051,-13.647748
10.652833,-14.293650
11.352432,-15.348676
9.737198,-13.428626
11.809061,-13.641868
10.242260,-13.427289
10.312655,-13.732168
10.031727,-13.919684
8.536049,-13.430801
11.984153,-14.244026
13.669510,-13.392178
10.924183,-15.599932
13.832165,-14.329981
11.895723,-12.697913
9.884776,-14.542583
10.087540,-14.331449
8.613386,-14.606578
12.925753,-14.163216
12.381726,-14.027031
11.068577,-13.311182
8.231862,-13.918353
11.311070,-14.140677
12.639251,-14.448188
10.702893,-15.337248
14.156954,-15.325601
9.653788,-13.259682
12.479775,-14.438725
12.637965,-13.580222
11.549727,-14.469895
12.594693,-14.137398
8.719488,-13.402133
8.140655,-14.205484
8.537742,-14.029593
9.919332,-13.389395
12.931002,-14.147176
9.965585,-14.653965
9.975940,-13.989522
11.732426,-14.497723
10.755240,-14.385570
10.501874,-14.039441
12.910070,-14.612657
11.515761,-13.634436
9.952227,-14.765181
10.218337,-14.870874
11.443530,-13.796029
10.536034,-13.224634
11.244257,-13.735971
11.638291,-14.671790
13.450390,-13.540220
13.515063,-15.035890
12.970277,-13.604527
10.167727,-12.697201
12.465224,-14.327268
9.505837,-14.241167
11.069759,-12.391698
11.013429,-13.839489
11.257220,-14.024364
9.809615,-13.708768
10.511022,-13.574311
10.552624,-13.134567
9.985375,-14.387955
9.486292,-14.705849
10.005757,-14.920146
10.436674,-13.830581
10.033361,-14.817391
12.278721,-14.111712
10.279837,-14.526676
13.432233,-13.664523
10.967096,-13.900664
-9.283907,34.084939
-7.452465,32.620493
-7.155093,34.098883
-6.168398,32.893549
-7.383308,32.540950
-9.411738,32.173504
-9.027197,33.307284
-5.439909,32.508259
-6.614030,32.465966
-8.348561,33.507701
-9.484985,33.470536
-8.245909,32.171094
-6.821839,32.986791
-8.676630,32.946323
-6.174282,32.617666
-6.734479,33.222845
-8.086552,33.790683
-5.026648,33.008293
-7.360282,33.209663
-3.805669,31.355033
-9.769009,34.787717
-5.781034,32.513818
-9.138869,32.294619
-7.065540,32.906910
-10.798288,32.437001
-6.843744,34.023709
-4.395713,33.869228
-8.053162,32.644837
-9.705261,35.034272
-8.516628,33.363986
-6.294567,31.398333
-5.196507,31.860198
-8.497839,33.202628
-7.905456,33.507907
-9.192536,32.872711
-7.463791,33.818067
-7.642759,31.944928
-8.905165,33.184218
-9.006489,33.101932
-9.230664,33.915187
-11.366257,31.165966
-8.057481,32.363749
-7.810844,32.594393
-5.319564,32.855668
-6.327344,32.968672
-5.288653,33.840909
-10.731033,32.988909
-8.246027,33.940146
-8.407203,32.869957
-8.488140,34.027205
-9.009529,32.403651
-7.973374,33.869347
-6.916998,33.153476
-9.374344,32.478730
-10.089168,33.437264
-9.478739,32.002948
-5.396777,33.401909
-6.979185,33.462452
-7.607858,32.257445
-8.548647,33.994746
-11.851205,33.212993
-7.902483,33.719215
-8.432639,32.298760
-5.473312,33.306269
-7.366102,32.074898
-11.831729,33.793611
-6.060635,32.498898
-7.645256,33.721217
-8.310787,33.170767
-10.296116,33.413825
-9.886652,33.221177
-6.834456,32.928290
-9.680723,33.155512
-10.240239,33.027008
-7.293633,33.158895
-6.597417,33.201346
-8.406424,32.066318
-5.659372,31.918208
-7.096964,32.781934
-7.561706,32.170710
-7.118848,32.925747
-7.925213,33.724487
-8.089700,32.712296
-6.415488,33.611807
-8.813697,33.500762
-8.220755,33.706312
-5.760054,31.994184
-7.937374,33.013812
-8.465160,31.421130
-6.304004,32.241666
-8.629753,32.862114
-8.722705,31.816636
-8.151085,32.079559
-7.105799,33.567127
-8.063609,32.705278
-8.791113,33.356808
-5.509511,33.514486
-6.968409,32.942784
-7.859370,33.730194
-10.745420,32.041499
-7.827927,32.110262
-6.804026,32.180350
-9.413209,33.022844
-9.695637,32.071962
-8.639149,33.055470
-8.827578,32.885045
-9.914956,32.971015
-9.412270,32.412879
-8.740099,34.194935
-6.232754,32.605504
-9.480203,33.970542
-8.670907,33.428762
-10.450039,32.950011
-9.232196,33.272872
-7.732229,32.724646
-8.943025,33.471989
21.676069,7.555610
23.893045,6.797551
23.134876,7.968196
24.338407,7.909550
24.218465,8.521503
22.905516,8.408481
22.147541,7.532558
24.214265,9.019316
21.943492,7.738447
22.600762,6.032488
24.934704,9.109320
21.733175,7.697360
23.068847,9.554530
25.434201,9.518281
22.296510,7.157202
23.755007,9.420961
23.089984,8.218418
21.776106,6.539984
22.889490,7.619930
24.128072,9.585383
22.230152,7.651328
22.414572,8.595595
26.316906,10.181065
24.730368,9.421892
21.765804,6.495090
20.969357,6.804455
21.747970,7.682320
22.828321,7.198964
23.915088,8.635477
23.394739,8.692222
25.710876,10.200744
23.204609,7.973589
23.873014,7.041359
22.124143,7.390122
19.694077,6.138507
23.106983,7.290343
24.429272,8.349345
20.886478,5.879391
24.582261,9.806866
21.945785,7.167825
21.732779,7.286030
23.865346,10.147691
25.879823,9.826925
20.494624,7.620604
24.155811,8.828226
23.721739,9.596982
22.770000,7.581892
22.837918,6.767498
24.475173,9.259099
21.475483,6.723414
22.926426,7.201528
20.508051,6.818031
20.760844,7.598560
23.417469,8.043401
25.686765,9.615110
21.790558,7.913233
22.694848,7.696582
21.626234,7.307925
23.832084,8.493748
23.036670,7.231380
26.179283,10.837308
23.913140,9.316762
22.220604,7.345265
20.488270,6.679638
22.882584,9.088517
25.224308,7.774068
23.120141,8.772365
22.548375,7.478077
22.394731,7.001115
24.671159,8.799907
24.269622,8.172926
22.775153,8.743101
23.711645,7.846392
23.747725,8.376331
22.037685,7.870225
20.990621,6.143876
22.431672,7.454755
24.250311,8.902153
25.889519,9.797966
23.206337,7.948382
23.756697,8.891040
23.951278,8.065626
23.131317,7.847922
21.694029,7.388255
21.908058,6.595527
23.720734,8.404370
21.971045,8.432617
26.331722,9.700708
22.045387,7.469221
25.762284,9.040646
24.637729,8.790963
23.408014,8.735672
21.075622,6.818712
23.153631,7.777767
23.938243,8.558696
23.044500,8.914025
21.526332,6.152103
25.888261,9.420533
25.173805,10.213555
21.715364,7.650718
21.819029,7.633902
21.305194,6.907825
22.579916,7.536512
22.900012,6.187512
21.808384,7.701529
21.221478,5.717052
22.831051,7.740149
24.465487,9.955923
22.191350,7.958961
11.553288,-19.079755
13.967262,-19.349016
11.433425,-19.078708
11.971703,-17.737578
9.594226,-18.769755
13.499349,-19.178196
12.188759,-19.141154
10.809436,-18.781323
11.134582,-18.800016
7.914571,-19.047056
9.615437,-19.643893
10.587704,-19.241306
11.852626,-18.187101
11.474768,-18.536417
10.196696,-18.726498
13.104422,-19.110071
11.384102,-18.739292
9.685893,-18.946557
10.489023,-19.311261
8.936327,-18.421275
13.633610,-19.376999
12.912453,-20.247363
13.785163,-18.865795
13.858707,-19.002357
10.918941,-18.432354
11.599918,-19.343836
13.547034,-19.238898
10.166730,-18.351505
13.418476,-19.813216
12.110356,-18.842299
10.931805,-18.901240
12.075864,-19.593091
9.511980,-18.652384
10.398828,-18.830742
11.262676,-18.797512
10.817053,-19.068439
11.700171,-19.057994
12.504283,-18.608342
11.276220,-19.389625
12.171474,-19.187506
11.754959,-19.447148
10.588604,-18.705514
13.645627,-19.496968
8.574046,-17.594236
11.604180,-18.492650
9.865256,-19.256444
10.997795,-18.931631
11.915212,-19.142494
14.025073,-19.304395
14.491063,-19.653065
10.345695,-18.404654
12.870173,-18.551514
12.827653,-19.518265
8.702166,-18.187521
11.089123,-18.477099
11.155931,-19.177640
13.027064,-19.017982
11.345690,-18.503499
12.281508,-18.254883
14.065281,-18.500217
9.968315,-18.540950
11.534902,-19.031592
13.165828,-19.375374
11.552101,-17.972454
10.610158,-19.396669
13.521379,-18.837469
11.892019,-19.422879
13.325311,-19.717122
9.428561,-18.615296
12.000058,-19.146270
12.782641,-19.767030
11.621590,-18.385643
12.526578,-18.928982
10.375478,-18.391062
13.141869,-19.316843
11.891471,-18.260398
10.172200,-18.760368
14.755946,-19.461155
13.301301,-18.813394
13.244639,-19.484727
11.888835,-19.022833
13.388200,-18.571559
13.357434,-20.524443
14.535444,-19.306964
12.003143,-19.706370
14.720424,-19.424935
9.916789,-18.485059
13.242839,-19.005038
13.064279,-20.143211
11.566886,-18.830033
10.685765,-18.478016
12.090189,-18.687467
13.124412,-19.779432
14.585250,-19.704660
11.167778,-18.505999
13.273655,-19.012984
11.143082,-18.491968
11.379889,-19.314056
12.085263,-19.462127
13.877423,-18.666802
11.025735,-18.835838
13.312470,-19.435903
12.113287,-18.632684
11.086284,-18.858494
10.730410,-19.080862
9.362560,-18.338076
15.352680,-19.777339
12.610794,-18.360803
12.059019,-19.009523
10.637450,-18.285817
15.045947,-19.222965
13.903717,-19.343430
12.544532,-18.699438
7.570730,-18.980601
11.355660,-18.358063
12.224507,-19.307781
9.395685,-18.741576
12.576645,-19.055662
12.767697,-18.847268
13.640102,-19.565663
12.637535,-18.782996
11.114593,-18.247922
12.472633,-18.917148
10.148894,-18.681022
10.705855,-19.273102
10.775454,-18.705577
12.603173,-19.584245
12.062739,-18.779747
11.621109,-18.979551
10.507863,-18.301858
13.216252,-19.268514
12.583661,-19.029782
3.531588,17.160381
0.126678,16.502956
4.489935,17.323930
3.175535,15.837910
0.469351,16.684808
0.262287,17.699301
1.215033,17.275732
3.320915,17.100376
2.775311,16.625811
2.988115,16.885253
1.583217,16.377498
2.923328,15.921901
0.608552,16.765440
3.100425,15.750393
0.099548,17.491369
1.875550,17.435330
0.503195,17.391488
0.020767,16.878334
2.760876,16.446425
2.980077,16.692990
2.390056,16.438321
2.376117,16.327426
4.550684,16.728044
-0.318904,15.957980
1.760679,16.314648
2.711862,16.496383
0.867938,18.150518
2.973027,16.376266
1.362091,16.392693
2.317666,18.646579
1.372422,15.397303
1.933315,16.297210
1.114734,17.007443
2.158446,17.107323
0.764031,17.114255
3.041598,17.095936
0.558004,16.334913
-0.694349,17.334645
1.600691,18.358471
3.002350,17.403677
2.573234,17.824309
0.527873,16.144865
3.230160,17.105063
0.791791,16.518182
2.216828,16.916666
3.882571,17.930240
3.704527,16.722781
4.584337,16.535887
2.640450,16.540296
3.128689,16.712582
1.569424,17.730177
2.102547,17.016006
1.234980,16.673094
3.764934,18.062967
-0.175630,16.792212
1.934812,17.434746
3.608632,17.654894
2.989660,16.651202
3.154657,17.412336
0.979040,15.713386
2.356358,16.274251
3.341738,16.744218
1.334349,16.665837
1.798119,17.104162
1.210546,18.254688
4.753809,16.090845
2.927020,18.108885
3.839503,16.002042
3.505868,16.492116
0.185653,17.836802
2.601465,17.599671
1.781866,16.595678
6.333519,18.161538
-0.084537,15.821338
0.058583,16.197147
2.273140,16.580922
0.298578,16.661182
1.624224,16.041939
0.161624,14.766099
1.885171,15.878151
4.308367,18.298947
1.880383,17.206145
-0.339719,15.945345
0.053122,16.504443
-0.033889,15.287923
2.491117,16.892936
-0.911947,16.337687
2.041797,17.496534
1.101500,16.253565
5.125047,17.649962
1.787839,16.438447
1.377807,15.996659
-0.285775,17.789181
2.277894,16.213657
3.299982,18.042038
2.538156,17.009570
-0.042050,17.202656
3.801598,17.101130
2.355043,16.880521
2.011357,17.104836
-0.099054,17.353781
2.665126,16.509627
2.330222,17.767780
-0.423116,17.499410
-0.450667,16.486053
2.704830,17.225981
2.342390,17.320479
0.911946,16.597193
-0.414634,15.866466
0.035917,16.875136
2.408651,15.995711
5.992856,18.586542
3.088263,16.208570
1.449669,16.790121
1.871786,17.700413
2.442516,18.093165
-0.158344,18.288903
5.219339,16.730718
2.723225,17.921445
1.826163,17.556265
0.203149,16.655475
6.242590,18.157419
2.619093,16.751881
3.791165,16.452009
2.507323,17.200384
2.867623,16.814499
1.237180,17.404883
0.977688,16.410651
2.963091,17.134323
5.032294,18.760187
2.904875,18.525866
1.726974,17.248991
1.269018,16.319571
-0.123612,16.507167
0.519900,16.324484
35.241665,-8.090185
36.149222,-6.602538
37.900153,-5.424988
38.223314,-6.772759
37.917150,-5.384511
37.466235,-7.508994
37.624147,-6.123742
35.773708,-8.097128
35.885274,-8.297486
38.218529,-6.578311
35.055966,-9.288182
36.300533,-7.448315
36.049019,-9.988298
37.445699,-6.323124
37.539203,-6.547672
38.233420,-6.098644
36.052761,-6.511881
38.061437,-7.146654
35.807942,-7.158275
35.608898,-10.021465
38.167477,-5.795003
35.777112,-7.135017
37.451491,-5.899443
36.808068,-6.879427
38.001722,-7.682580
37.366704,-6.956183
37.425785,-5.227444
37.259780,-7.170878
35.818271,-7.318675
36.620091,-6.369964
36.479723,-7.652668
37.345997,-6.813992
36.537081,-8.178926
35.470728,-9.495950
38.449009,-6.748641
36.113277,-6.163477
38.105985,-5.416555
34.994280,-8.488104
36.648041,-7.709648
38.270100,-5.730629
36.665056,-9.017855
36.749036,-7.813723
36.883754,-6.619805
36.373894,-6.738050
35.666168,-8.360074
35.636086,-5.670078
35.967652,-7.715940
38.484262,-6.391389
36.570115,-6.373175
35.354644,-7.614171
36.602644,-8.221994
37.358634,-6.127857
39.295979,-4.733674
37.665011,-6.711480
36.870474,-7.870351
34.771353,-8.985612
37.594828,-6.302408
36.193967,-7.909154
36.986650,-7.165081
39.240281,-6.704812
36.009450,-8.227474
37.152949,-7.472020
35.918400,-8.471817
39.227281,-5.544722
36.620403,-7.281513
38.114556,-6.050473
36.449647,-6.375736
33.712650,-8.175311
37.453654,-6.233187
36.847032,-8.748548
35.928374,-7.270380
34.722902,-7.846461
36.105146,-6.904658
38.212308,-5.384598
37.169115,-8.120830
36.858286,-7.710741
36.755138,-7.073562
39.673468,-4.825411
36.370187,-6.386701
34.656361,-7.675250
38.180256,-5.949788
34.416661,-8.287445
36.578546,-8.662894
35.940749,-7.300551
36.189175,-8.011928
40.003502,-4.506051
36.821660,-8.766782
36.395050,-7.081219
35.588350,-6.748216
36.928466,-7.808702
37.111581,-4.798550
35.257639,-7.870480
34.245599,-8.076674
38.956143,-4.566313
35.936474,-7.701047
36.772773,-6.314173
36.698910,-7.266907
36.431043,-7.858865
37.198973,-7.100773
34.597709,-8.399551
34.197365,-7.286631
38.290648,-6.446174
36.096638,-8.882055
38.448537,-5.458251
37.046960,-8.359587
34.918470,-8.288937
39.850252,-5.057377
34.710512,-8.609653
36.237736,-8.302720
34.674019,-8.101560
36.175026,-8.612127
37.688732,-6.850095
37.130079,-7.454616
35.541184,-8.364774
37.112468,-5.877347
38.235864,-5.933714
36.432254,-7.049764
33.435778,-9.134759
38.083497,-6.875945
37.456068,-7.050780
36.123542,-6.504205
36.623299,-6.827665
38.593309,-6.549420
38.563855,-8.050677
37.929615,-6.720267
37.422008,-6.339116
38.023116,-5.996719
37.018982,-8.195343
37.323728,-6.672539
35.698307,-7.128972
37.287779,-8.951887
37.545496,-6.373287
36.311628,-7.458386
36.545016,-6.109453
36.870951,-6.392391
39.104744,-6.367377
39.365216,-5.644740
38.757841,-5.180051
35.400750,-7.001278
39.715660,-4.649540
38.312094,-6.144934
38.487458,-5.337888
37.272460,-5.915852
37.987079,-6.707659
35.301282,-6.874273
40.924011,-3.322640
33.966350,-10.416733
37.071395,-6.005298
36.811244,-6.512040
35.760027,-7.651087
37.098997,-7.122170
-34.521412,30.348863
-37.201745,32.503206
-34.928764,29.951959
-36.313040,34.389185
-35.619956,32.225593
-34.946524,30.935947
-34.386230,33.567459
-36.147795,31.624611
-33.642917,30.750266
-35.113057,32.698596
-34.708284,32.394041
-35.945377,32.214004
-32.267536,32.117535
-35.492004,32.493571
-35.585208,32.341352
-36.341837,31.632743
-34.421365,31.265853
-35.829229,30.449093
-35.752374,33.225337
-32.835069,29.657783
-35.727355,33.935602
-33.986842,31.656168
-36.396414,32.111694
-35.450194,31.618281
-36.330153,30.923261
-33.481627,29.636108
-33.055718,32.488025
-34.486497,33.658332
-36.544888,30.899603
-36.879018,33.046629
-34.163064,32.952460
-33.084805,33.480473
-35.488063,30.699929
-33.893853,32.841828
-34.966718,33.364647
-35.823841,32.508879
-34.764111,33.011498
-33.725410,32.096531
-36.250317,31.966034
-34.103444,30.890524
-35.170858,30.993337
-32.049996,31.020231
-33.938560,31.066503
-35.606584,31.698054
-36.260591,33.016734
-33.633147,30.225635
-35.822284,31.957768
-34.101752,30.871163
-36.649393,32.167238
-33.965351,31.702558
-34.616995,32.153332
-37.824839,31.321313
-32.327184,31.278402
-33.429039,32.496210
-33.831305,31.915817
-34.438790,31.654994
-34.920642,31.944987
-33.604185,32.241763
-35.741787,33.034457
-35.415339,31.287812
-33.969328,31.881770
-35.401656,32.201325
-35.563092,33.155967
-33.968597,33.911345
-33.813709,30.630748
-35.212660,30.488575
-36.462745,32.546976
-34.197492,31.776453
-35.464490,31.657484
-33.914315,33.371973
-34.660237,30.642886
-33.985844,31.647541
-38.410127,32.796292
-34.263245,32.717009
-32.969590,29.217997
-34.936577,32.586167
-34.306098,30.056711
-33.521414,30.708496
-39.178524,35.306212
-34.940692,30.984336
-31.963145,32.588828
-34.095864,30.783310
-36.294698,32.181056
-34.550124,32.523963
-33.902215,32.490156
-34.187996,32.327272
-36.581191,32.333768
-37.309669,32.651632
-33.009714,31.815690
-34.856635,31.115060
-32.818620,30.425245
-33.529304,30.222000
-33.222354,30.443377
-32.261039,30.742118
-32.467971,31.492603
-35.036624,33.753529
-37.634163,34.000552
-36.213422,32.690706
-35.062403,31.315561
-35.690801,34.908919
-30.860728,30.405473
-38.609707,32.119213
-37.351375,33.118231
-37.052853,30.344984
-35.175920,30.602698
-35.995799,31.120756
-33.681350,31.262680
-36.726784,31.854492
-33.782642,32.293352
-33.340934,31.149239
-34.214372,31.999178
-36.563160,34.181384
0.887406,1.664576
-2.778535,2.274073
-1.037514,1.840166
2.642491,2.976236
-0.160097,2.974324
2.477405,3.483456
0.548036,0.152937
-1.574505,1.603239
-1.046524,0.661260
-2.040378,1.545334
-2.305355,1.605758
-1.464368,2.718713
-1.643686,1.347601
-2.357628,1.751114
-2.429237,2.010606
-1.398805,2.914067
-0.362139,2.908009
1.418500,2.894055
-4.334348,2.444277
-0.866172,2.301954
0.282825,3.633326
-1.879173,1.729987
0.699536,3.987124
-1.274403,1.971743
-4.420286,1.010163
0.717799,1.939091
-1.091433,2.330404
-0.517431,2.541272
1.521698,0.881472
-0.950048,2.185432
-3.585083,1.993879
0.263405,1.542712
-2.316212,2.256847
0.096426,1.446675
-0.752126,2.643615
-1.881337,1.952777
-1.096240,2.180727
-2.386732,2.488921
-1.040838,1.338461
-2.518079,1.871714
-3.893843,0.258015
-2.954778,3.722871
-0.453024,2.647069
-1.002899,1.779441
-0.907469,1.357114
-2.130531,2.181313
-2.410357,1.458116
-1.181797,1.561859
-1.849376,0.416595
0.003435,1.655347
-1.737605,2.248746
-1.001940,2.837926
-0.370136,3.541413
-1.419046,2.297517
-1.793115,2.318764
-2.494105,2.588859
-1.826089,1.087425
-0.424298,1.093860
-0.922435,1.607700
-3.004208,1.786999
0.045634,2.253411
-3.786790,0.958710
-1.083363,2.219585
2.898659,1.810406
1.458951,3.668937
-1.381970,1.903821
-3.412978,1.640775
1.502451,2.376961
-1.351313,0.985413
-1.246422,2.491489
0.173981,1.559636
-2.891767,2.326456
1.463807,2.824729
-1.736110,1.126493
-0.009179,1.796448
-1.560809,1.488711
-1.634773,2.049061
-1.765570,0.789011
-1.806653,1.850827
-1.085289,2.428402
-2.040293,1.799724
1.250618,2.724732
-5.323701,1.854371
2.321567,3.326686
-0.727996,1.288091
0.558568,2.020514
0.086679,2.523377
0.328663,1.745846
-0.929026,2.916899
-1.222213,1.661415
0.174469,0.682689
0.167782,1.340491
-2.660466,1.036731
-0.708571,2.763388
-1.356692,3.008555
-0.290243,2.518636
-3.263911,1.019700
-0.999633,2.858414
-1.379024,2.796604
-1.759115,1.806235
-1.396503,3.077222
-0.671786,1.934107
-2.326591,1.168358
2.355773,3.236850
-2.004404,2.390904
-0.233501,1.260709
-1.010313,2.120352
0.938122,1.911901
-2.060858,2.506425
0.108991,0.741352
-1.677259,0.587439
-1.110552,2.781274
0.367558,2.106535
-4.264845,1.308896
-0.501383,2.570664
-2.289538,1.389345
-2.528093,1.278609
-1.063167,2.233618
-0.157468,2.404418
1.554124,1.697790
-2.330808,1.688952
-2.296532,1.712196
-0.102661,2.768264
0.801074,1.205581
-3.670062,2.331811
-0.210969,2.199726
2.469847,3.245079
-0.116714,2.162765
-0.486128,1.952532
2.201171,2.922344
-2.929756,1.343495
-0.474402,0.792913
-0.498551,1.432245
-1.739863,1.734935
-1.927108,1.246630
-1.761881,0.988070
0.630036,3.896786
-0.194774,2.560271
-1.589108,1.904949
-1.170952,1.027172
0.123280,1.887360
-1.502783,2.732380
-3.289945,3.303255
-1.319024,1.028246
-1.371447,1.512022
0.745723,1.550296
-0.139370,2.749667
-0.382697,1.319872
0.041464,1.643099
0.005652,1.490684
-1.771574,1.895566
-0.190530,2.458521
-2.088957,2.498549
-0.862782,2.646329
-1.715769,2.437300
0.294311,1.113704
-1.680621,2.221360
-1.995849,1.503284
-2.003903,0.266253
-1.834413,2.431503
0.529265,2.930146
-0.113700,2.225234
0.568120,1.755626
-3.227836,1.196233
0.254352,1.771649
1.537579,2.117045
-0.029832,1.041426
-1.573537,2.896363
-1.564276,1.961823
-0.842937,1.436507
-5.255519,0.652663
-0.396522,1.827042
-3.696862,0.602097
-0.771448,0.648161
2.266866,0.671660
0.652582,2.877351
-0.452138,3.000142
-1.315473,1.405984
-1.030938,1.892973
-1.695043,2.428712
0.520556,3.624999
0.985825,1.227250
-1.637528,0.284104
1.138740,3.332391
1.423958,3.301204
-0.022999,2.005877
34.959491,-3.958495
37.443732,-3.735934
37.234405,-4.232599
38.528905,-3.313440
34.739229,-3.152564
36.532993,-3.401976
35.749634,-3.232360
39.577428,-1.241933
35.467004,-2.660394
35.511301,-2.612513
35.723847,-2.643871
31.815296,-3.026874
36.197075,-3.709374
37.337488,-2.079696
34.772698,-2.650873
36.280868,-2.916843
36.870840,-3.112127
35.147247,-3.450587
35.554280,-4.022210
37.784718,-2.822626
36.466730,-2.380549
36.854843,-1.970926
34.905421,-2.546964
40.043660,-2.749153
36.961769,-3.183773
37.816195,-3.351588
35.502760,-2.211886
39.562050,-3.571413
37.906762,-4.355466
36.500142,-2.305172
37.624474,-3.499666
36.185803,-4.754061
36.839810,-4.182211
36.663920,-2.062799
35.769646,-1.578287
37.793960,-2.639542
35.470772,-3.459342
33.753382,-2.572953
38.428526,-3.677822
35.737421,-2.069454
34.386811,-2.945262
37.612193,-4.567584
36.953168,-3.393869
34.727073,-2.802366
33.880997,-1.841874
35.335459,-2.307679
34.001600,-3.272105
31.089948,-2.158550
35.657304,-2.537117
36.233473,-3.231924
36.874479,-2.833942
37.401836,-3.844105
36.327589,-2.946619
37.345834,-4.650202
36.079862,-3.656178
35.215456,-2.919085
37.130655,-3.464185
37.952844,-2.681056
38.152706,-2.840359
36.097703,-3.609987
37.236682,-2.876271
39.574960,-1.853036
37.143381,-3.524806
35.400721,-3.158256
32.749009,-2.610149
38.366681,-3.584747
34.508616,-3.986035
37.166488,-1.662416
35.546708,-4.317017
36.979094,-2.779103
33.015191,-3.515488
35.954020,-3.202940
37.538223,-4.144896
38.160232,-5.100077
37.281595,-3.245160
35.968542,-4.029280
35.355078,-1.749723
37.032273,-3.015678
34.983043,-1.385422
33.415455,-2.742735
37.130030,-2.522908
35.068573,-3.811531
36.752641,-4.701579
36.121609,-3.469941
35.762963,-2.674014
35.322313,-2.006092
35.328406,-2.891406
33.585151,-2.876639
36.533035,-3.224356
36.788092,-3.926869
34.381622,-2.971063
33.212612,-1.864371
33.379767,-3.702672
-27.422172,-31.889384
-26.541399,-31.901385
-27.508370,-32.540080
-25.677291,-31.741497
-27.812839,-31.720081
-25.970864,-31.958881
-26.509938,-32.221149
-24.585691,-32.442323
-26.590277,-32.306441
-27.001800,-31.219562
-25.116766,-32.161474
-25.390679,-32.115201
-25.794081,-31.720914
-26.988387,-31.817663
-24.112694,-32.070688
-25.548884,-32.546527
-26.584816,-31.958413
-28.055348,-31.623107
-25.132081,-31.338444
-27.568931,-32.067511
-25.695375,-31.912387
-26.417825,-31.233686
-26.432430,-31.034724
-25.293012,-32.031788
-27.412620,-32.165117
-26.741442,-30.953385
-27.055744,-31.975549
-25.467711,-32.851123
-25.775985,-30.802890
-26.225512,-31.561487
-27.788256,-31.631004
-25.346072,-31.840319
-27.938223,-31.935124
-27.042996,-31.613194
-25.804994,-32.599245
-27.495881,-31.315752
-26.312834,-32.170931
-23.662598,-31.604801
-23.654954,-32.761508
-28.662172,-31.989725
-25.974525,-32.639907
-24.940334,-31.705794
-26.255632,-30.768785
-24.828313,-32.138366
-25.879990,-32.512474
-26.507152,-32.017875
-24.080545,-31.748035
-25.010557,-32.240954
-24.832584,-32.752312
-24.346705,-31.946015
-24.834238,-31.949921
-26.351417,-31.506639
-24.018481,-32.063296
-24.645037,-31.736143
-26.895498,-31.534356
-26.420353,-33.191803
-23.818440,-31.844690
-25.014348,-31.541511
-24.053654,-31.772542
-26.603808,-31.632893
-26.281290,-32.507791
-25.383496,-31.749179
-24.561435,-31.488006
-27.543836,-31.069407
-27.236541,-32.594441
-26.278126,-31.548754
-25.188182,-32.605570
-24.016639,-32.814313
-26.461521,-31.875916
-28.245701,-31.720447
-25.731445,-31.736258
-24.562320,-31.587158
-27.470935,-32.394224
-26.380955,-32.085248
-26.236624,-31.374521
-24.903761,-32.708556
-27.654737,-33.287334
-26.038137,-31.978462
-25.700715,-31.807114
-24.646278,-31.903192
-25.281086,-32.420313
-24.674403,-32.537590
-26.229942,-30.629851
-27.874725,-31.030776
-22.756507,-31.813216
-24.951577,-31.742926
-23.693324,-31.893400
-24.950484,-32.744554
-27.098977,-30.806975
-26.389771,-31.617346
-28.688446,-32.637624
-25.955488,-32.842502
-25.283562,-32.239139
-28.903299,-31.555020
-26.441752,-32.206438
-25.871994,-31.682544
-25.785458,-32.193125
-26.080841,-32.635002
-23.273992,-33.044180
-26.267471,-32.324518
-25.479311,-32.377010
-25.127317,-32.263843
-23.192914,-32.417093
-24.901267,-32.521436
-27.602262,-31.468537
-23.469251,-32.767152
-24.534936,-31.671943
-25.352460,-31.690450
-25.976361,-32.356992
-25.635037,-33.064279
-26.091174,-31.830334
-25.536964,-31.725604
-26.974982,-31.486233
-28.091728,-32.225499
-25.740400,-32.181884
-26.900495,-32.569451
-25.068707,-32.598913
-26.157961,-32.009501
-25.261244,-33.712867
-25.091724,-33.311830
-25.384117,-32.443039
-26.262167,-32.043559
38.245484,-37.496470
40.074329,-36.103806
40.164842,-36.326331
40.264905,-36.575005
36.973033,-34.952401
38.359062,-35.615393
36.511067,-35.440387
41.672467,-35.298296
41.197951,-36.620435
41.084415,-35.931336
37.627463,-36.267935
38.849627,-35.421737
36.290437,-36.707695
38.108974,-35.664593
40.802629,-36.066206
39.389906,-36.924166
41.759549,-37.353093
39.579625,-37.836783
40.359248,-34.929393
40.629294,-36.124496
39.085343,-36.369435
39.007278,-36.029144
38.129425,-36.327101
39.725892,-35.644966
37.237715,-36.136348
39.852457,-35.243898
15.498965,22.936035
15.183063,23.547902
14.305737,24.410033
16.414141,23.176980
15.682455,23.046616
15.927291,22.833556
14.117982,22.802586
13.967386,22.548180
17.582624,22.037336
15.467254,23.795143
15.574110,23.412107
16.608390,23.079041
15.204949,22.661300
15.062382,22.056407
16.498264,23.849242
10.532133,22.708128
14.080187,22.398654
18.234096,23.982281
14.667675,22.339733
11.974558,22.585598
16.232232,21.833811
16.548100,22.528175
12.956433,23.054889
15.020417,22.622785
13.903392,23.953680
15.756738,22.343536
14.984043,22.846782
16.698750,24.273468
13.427640,22.871039
17.308657,23.450752
16.615098,22.536293
13.620605,22.175897
17.124151,23.513701
13.220932,23.116233
14.698090,22.936368
14.130521,22.404907
14.909650,23.229615
15.130071,22.384281
15.941803,23.354706
13.382944,22.151081
13.177718,22.383125
14.186563,23.340122
18.375781,23.583714
2.380596,-15.006238
-0.858612,-15.383063
-0.331338,-13.966097
-1.576079,-14.810352
-3.386503,-14.973076
-0.310030,-15.298252
0.101199,-14.774694
-0.814219,-15.221034
0.756175,-15.720954
0.099190,-15.260184
-0.552248,-15.881359
1.293704,-14.262023
-1.089167,-15.436802
2.092516,-15.043779
1.488162,-15.776039
-0.227917,-15.971832
-2.266729,-14.923248
1.609785,-14.338177
0.037047,-15.290543
-0.801815,-15.409882
-2.761711,-15.867418
1.210658,-15.165535
1.546989,-14.143824
1.402155,-15.005332
-0.613211,-14.814258
-1.603650,-15.891640
0.473776,-15.586647
1.155546,-15.442823
-3.287733,-14.717424
1.873472,-15.375522
0.785756,-14.630020
0.359682,-14.180259
-1.383154,-13.950861
2.016558,-14.136751
1.270753,-14.901789
0.884562,-15.875628
0.415073,-15.144578
-0.260671,-15.886475
-3.325380,-15.804539
-0.093346,-14.848237
1.197402,-15.495652
-0.906428,-15.506507
1.584969,-14.891180
0.375793,-14.321558
-0.495057,-14.986922
-0.529371,-13.253147
-2.979703,-15.527576
1.794127,-14.177569
-0.324733,-15.828988
-1.287790,-14.427345
-3.101106,-15.475573
1.104712,-13.606289
-0.346145,-15.208604
-0.828602,-15.143754
0.028048,-15.494794
0.788758,-15.135391
0.297457,-14.967828
0.442887,-15.933980
-1.381643,-15.354859
1.583454,-15.676114
2.044597,-13.759695
-1.797571,-14.906362
-0.113414,-14.004091
1.565589,-15.457299
0.361726,-13.233636
-2.192055,-15.183949
-1.429408,-15.459179
-0.756240,-15.489900
-1.674413,-14.699923
-2.991780,-15.114125
0.303711,-13.909320
1.148023,-15.378308
-1.898893,-15.621040
-0.555166,-15.589277
13.025173,28.119616
16.238507,26.136563
17.453847,26.674284
20.143753,25.309279
16.064548,25.132501
17.717384,26.462706
17.824122,26.737048
17.949295,26.135063
15.452986,24.621639
15.578580,26.234083
17.922610,27.339423
15.919337,25.314323
17.316186,24.694899
15.877902,25.247577
15.217944,25.905313
15.418135,25.942227
16.933710,24.138523
17.139888,26.060884
15.732291,26.324193
18.514180,26.778234
16.524822,27.010078
15.439818,27.580890
14.214936,26.911981
19.431181,26.196881
13.738058,26.555328
15.318206,26.011896
16.921262,27.247650
17.051611,27.260384
15.136958,26.636267
18.325135,26.984705
17.444903,25.275772
15.658257,25.899945
18.061580,25.911315
19.395651,27.011921
15.634499,26.629532
18.733366,26.592916
15.979348,25.462377
17.232658,26.082078
16.806603,26.515998
17.860496,25.399464
18.832113,26.046375
16.108185,26.990146
18.007621,24.243175
17.859008,26.930197
19.298331,26.366668
15.585836,26.753350
17.332161,26.263493
16.592428,24.932965
18.091482,26.190227
16.946401,24.595190
16.056120,24.825857
14.809923,25.818169
17.458935,27.843748
20.281652,25.648257
18.122972,26.439792
17.583457,26.243913
15.367548,27.105032
15.776793,26.253014
19.163695,25.037463
15.101133,26.506159
16.285759,24.238112
14.738497,25.767759
17.767262,24.826800
14.875739,27.089921
16.761564,24.896696
18.842214,25.601032
15.672047,27.245888
15.663644,26.440618
16.532962,26.298649
17.161140,25.164028
19.212634,24.943063
16.392640,27.045320
15.765474,26.450092
16.388609,25.774213
17.953118,25.291369
20.147588,24.379867
17.877149,26.348662
15.357083,25.775546
17.756517,27.174530
19.552675,25.607034
17.412932,24.992511
17.987902,26.850629
18.353483,27.339781
17.441604,24.373848
17.533515,26.108354
16.503128,27.130601
15.919153,26.155193
16.749992,24.763236
17.525618,26.143208
19.477333,26.301344
12.835420,26.760600
17.943453,24.404612
17.387826,27.267891
17.805918,24.988187
18.169318,25.392115
17.865758,27.027377
15.160473,26.611448
19.524285,24.597907
18.176015,28.014909
16.779672,25.170594
18.291137,24.461199
14.467161,27.041840
-17.787430,-28.275169
-18.227852,-28.138278
-14.091276,-28.716055
-19.081313,-27.069141
-16.378008,-28.293820
-15.815153,-28.217708
-19.553688,-28.030662
-17.307826,-29.230724
-18.373678,-28.446302
-17.705306,-28.656711
-16.043765,-28.270221
-16.899461,-27.237154
-15.530863,-28.742189
-17.106453,-29.236680
-18.819315,-29.753995
-16.998233,-27.837323
-19.768436,-28.915946
-17.552089,-28.252686
-19.940001,-26.832825
-16.614103,-28.719941
-17.116975,-29.874018
-18.354080,-27.569337
-19.775929,-28.395227
-21.370509,-28.697331
-15.895981,-27.338604
-16.502916,-28.110129
-18.277964,-27.846467
-18.660892,-28.419521
-17.937968,-30.008221
-18.803171,-29.898051
-18.406841,-27.809330
-20.126049,-26.745292
-19.280661,-27.268244
-18.537224,-28.382953
-16.418715,-28.551650
-20.652306,-27.613517
-17.386373,-28.257511
-18.360600,-28.128689
-19.161101,-28.912911
-16.819606,-29.491178
-18.661922,-27.477935
-19.147285,-28.124408
-19.792406,-28.443452
-17.031131,-27.227402
-13.777577,-27.194760
-20.190653,-27.296364
-18.218774,-27.409034
-15.420401,-27.979823
-20.057583,-27.262440
-17.227782,-27.943246
-17.114845,-28.557011
-16.155719,-27.629551
-16.585040,-28.985435
-19.590125,-28.569368
-16.543615,-27.998684
-15.832966,-27.415616
-17.788607,-26.814308
-17.584686,-28.249604
-15.213918,-27.911371
-20.047889,-28.221382
-19.613618,-27.772439
-16.624162,-27.773552
-18.466398,-28.499371
-20.677802,-27.618252
-18.428010,-27.946700
-18.993288,-27.420212
-17.510111,-27.215187
-17.668789,-27.562865
-19.097768,-26.818767
-16.046723,-28.589580
-18.980527,-27.721839
-16.701506,-28.243869
-16.970410,-29.174438
-20.802108,-28.620192
-17.432193,-28.298688
-18.851211,-29.112848
-17.329982,-27.706045
-17.904313,-28.172724
-18.234596,-27.259593
-17.433511,-28.801298
-17.312583,-28.406906
-17.246655,-28.326264
-15.181931,-28.986498
-18.573905,-28.115585
-15.131623,-27.520452
-15.747985,-27.588115
-18.671327,-28.786475
-16.109459,-28.248527
-20.842420,-27.213932
-16.267091,-27.537513
-14.679476,-28.074786
-17.903694,-27.447814
-19.620012,-26.118680
-13.584584,-29.075705
-19.618038,-27.203938
-19.430541,-29.672776
-20.479243,-27.958787
-21.202306,-27.807130
-18.788409,-27.261001
-17.555856,-29.615372
-18.903398,-27.962566
-19.319460,-27.993304
-18.324825,-27.720240
-17.534803,-28.989100
-15.919598,-27.609894
-17.962448,-28.877183
-20.591310,-27.003609
-15.553957,-27.606343
-16.196968,-29.227249
-17.081223,-28.497181
-16.318417,-28.209123
-18.073989,-28.697122
-17.843606,-28.395158
-15.322955,-28.199427
-16.409433,-27.864561
-16.920968,-28.455572
-16.871699,-29.016805
-17.271499,-29.580270
-18.726102,-29.102834
-17.390130,-27.226711
-18.465098,-28.069060
-15.567704,-27.979247
-18.134537,-29.525176
-19.536833,-27.269133
-19.762242,-27.933105
-20.297493,-27.472029
-16.885776,-28.334891
-17.852325,-28.333815
-20.682008,-28.048463
-17.452344,-28.041814
-20.479743,-27.242976
-18.271402,-28.233715
-17.638279,-28.433973
-19.332590,-28.246288
-16.869392,-28.127033
-17.549881,-29.135925
-17.011348,-27.708690
-16.027562,-27.696238
-18.296399,-26.901639
-18.953144,-28.408642
-17.168476,-28.205385
-16.806581,-27.796190
-18.066649,-28.730905
-16.111475,-28.370537
-16.533816,-26.867120
-16.389881,-27.037243
-18.378793,-27.098958
-18.682488,-27.126004
-16.065315,-29.256107
-18.746238,-28.722563
-18.996739,-27.610527
-17.728217,-27.470580
-16.878256,-27.404814
-16.583958,-27.246692
-18.591642,-29.788081
-15.567116,-28.122888
11.348978,-38.969487
12.909273,-37.133880
12.590243,-37.114484
12.028811,-38.946507
13.218323,-37.797297
12.589070,-36.629749
11.898827,-38.331140
13.762412,-37.065301
11.373744,-39.337958
11.070258,-39.018775
9.576834,-41.133269
11.656736,-37.519946
9.541857,-40.868314
11.271335,-38.140413
12.602126,-37.043131
9.095026,-39.080841
12.575775,-37.398581
12.304842,-36.644793
10.955568,-39.225819
11.169908,-38.267457
10.327342,-39.427773
13.109895,-37.872958
12.092310,-38.811091
11.606282,-39.086287
10.347481,-38.901238
12.603855,-37.864219
10.609238,-38.391247
12.507902,-38.645533
12.210457,-38.091815
12.402799,-37.221818
10.095829,-39.667627
12.772009,-36.688079
11.675237,-38.902726
11.653433,-38.585391
11.096190,-37.995308
12.558449,-37.229785
11.295622,-39.023937
13.757851,-37.184584
-27.432186,14.375367
-25.948744,14.327780
-27.910241,14.654529
-26.832669,14.327843
-24.789795,14.417103
-26.542289,15.148648
-25.268264,13.290298
-25.748333,13.275015
-26.321856,13.844063
-25.367578,14.304736
-24.972350,13.547853
-26.914298,15.136804
-25.091876,14.227636
-23.439143,13.100650
-24.315059,11.680704
-24.363906,13.230728
-23.932085,13.387780
-25.679514,14.342682
-26.925311,14.410723
-24.159054,12.813348
-28.425440,14.284261
-26.062139,15.212736
-25.066590,13.720559
-24.983552,14.021068
-26.011052,12.994913
-24.968771,12.826469
-26.481576,14.895022
-25.255792,13.973789
-25.775494,14.181934
-23.884613,12.623654
-25.193903,14.230261
-23.632883,13.114493
-24.631355,13.612689
-24.410310,13.915332
-25.923842,14.384746
-24.658705,13.558800
-26.898287,15.928509
-29.501864,15.187312
-27.296772,15.185202
-25.853833,12.554243
-26.953580,13.654716
-25.451045,14.557033
-25.662997,12.605006
-25.289583,14.149538
-25.981916,13.762965
-24.809764,13.636894
-29.193012,16.500755
-26.771245,14.349858
-24.578298,13.991114
-26.280968,13.175353
-28.233585,15.304615
-26.785318,14.822404
-27.560822,15.722696
-26.101769,14.145754
-23.757308,10.475302
-26.289664,14.153389
-25.658434,12.436065
-26.869960,13.786140
-25.287054,12.632970
-23.572151,12.742552
-24.696508,13.449345
